--------------
0.000000,-35820.000000,3.000000,-9.332840,0.000000,0.000000,0.000000,0.000000,0.000000,0.000000,0.000000,0.000000,0.000000,0.000000,0.000000,0.000000,0.000000,0.000000,0.000000,0.000000,0.000000,0.000000,0.000000,0.000000,0.000000,0.200000,1.000000,0.000000,0.000000,0.000000,0.000000,0.000000,0.950000,1.000000,1.000000,0.000000

36
--------------
0.000000,-35820.000000,3.000000,-9.332840,394.065674,1.193444,12.000000,40.000000,0.000000,0.000000,0.000000,0.000000,0.000000,0.000000,0.000000,260.677155,0.000000,0.000000,0.000000,0.000000,-0.460925,-0.775853,0.000000,0.000000,0.000000,0.200000,1.000000,0.000000,0.000000,0.000000,0.000000,0.000000,0.950000,1.000000,1.000000,0.000000

36
--------------
0.000000,-35820.000000,3.000000,-9.332840,394.065674,1.193444,12.000000,40.000000,0.000000,0.000000,0.000000,0.000000,0.000000,0.000000,0.000000,260.677155,0.000000,0.000000,0.000000,0.000000,-0.460925,-0.775853,0.000000,0.000000,0.000000,0.200000,1.000000,0.000000,0.000000,0.000000,0.000000,0.000000,0.950000,1.000000,1.000000,0.000000

36
--------------
0.000000,-35820.000000,3.000000,-9.332840,394.065674,1.193444,12.000000,40.000000,0.000000,0.000000,0.000000,0.000000,0.000000,0.000000,0.000000,260.677155,0.000000,0.000000,0.000000,0.000000,-0.460925,-0.775853,0.000000,0.000000,0.000000,0.200000,1.000000,0.000000,0.000000,0.000000,0.000000,0.000000,0.950000,1.000000,1.000000,0.000000

36
--------------
0.000000,-35820.000000,3.000000,-9.332840,394.065674,1.193444,12.000000,40.000000,0.000000,0.000000,0.000000,0.000000,0.000000,0.000000,0.000000,260.677155,0.000000,0.000000,0.000000,0.000000,-0.460925,-0.775853,0.000000,0.000000,0.000000,0.200000,1.000000,0.000000,0.000000,0.000000,0.000000,0.000000,0.950000,1.000000,1.000000,0.000000

36
--------------
0.000000,-35820.000000,3.000000,-9.332840,394.065674,1.193444,12.000000,40.000000,0.000000,0.000000,0.000000,0.000000,0.000000,0.000000,0.000000,260.677155,0.000000,0.000000,0.000000,0.000000,-0.460925,-0.775853,0.000000,0.000000,0.000000,0.200000,1.000000,0.000000,0.000000,0.000000,0.000000,0.000000,0.950000,1.000000,1.000000,0.000000

36
--------------
0.000000,-35820.000000,3.000000,-9.332840,394.065674,1.193444,12.000000,40.000000,0.000000,0.000000,0.000000,0.000000,0.000000,0.000000,0.000000,260.677155,0.000000,0.000000,0.000000,0.000000,-0.460925,-0.775853,0.000000,0.000000,0.000000,0.200000,1.000000,0.000000,0.000000,0.000000,0.000000,0.000000,0.950000,1.000000,1.000000,0.000000

36
--------------
0.000000,-35820.000000,3.000000,-9.332840,394.065674,1.193444,12.000000,40.000000,0.000000,0.000000,0.000000,0.000000,0.000000,0.000000,0.000000,260.677155,0.000000,0.000000,0.000000,0.000000,-0.460925,-0.775853,0.000000,0.000000,0.000000,0.200000,1.000000,0.000000,0.000000,0.000000,0.000000,0.000000,0.950000,1.000000,1.000000,0.000000

36
--------------
0.000000,-35820.000000,3.000000,-9.332840,394.065674,1.193444,12.000000,40.000000,0.000000,0.000000,0.000000,0.000000,0.000000,0.000000,0.000000,260.677155,0.000000,0.000000,0.000000,0.000000,-0.460925,-0.775853,0.000000,0.000000,0.000000,0.200000,1.000000,0.000000,0.000000,0.000000,0.000000,0.000000,0.950000,1.000000,1.000000,0.000000

36
--------------
0.000000,-35820.000000,3.000000,-9.332840,394.065674,1.193444,12.000000,40.000000,0.000000,0.000000,0.000000,0.000000,0.000000,0.000000,0.000000,260.677155,0.000000,0.000000,0.000000,0.000000,-0.460925,-0.775853,0.000000,0.000000,0.000000,0.200000,1.000000,0.000000,0.000000,0.000000,0.000000,0.000000,0.950000,1.000000,1.000000,0.000000

36
--------------
0.000000,-35820.000000,3.000000,-9.332840,394.065674,1.193444,12.000000,40.000000,0.000000,0.000000,0.000000,0.000000,0.000000,0.000000,0.000000,260.677155,0.000000,0.000000,0.000000,0.000000,-0.460925,-0.775853,0.000000,0.000000,0.000000,0.200000,1.000000,0.000000,0.000000,0.000000,0.000000,0.000000,0.950000,1.000000,1.000000,0.000000

36
--------------
0.000000,-35820.000000,3.000000,-9.332840,394.065674,1.193444,12.000000,40.000000,0.000000,0.000000,0.000000,0.000000,0.000000,0.000000,0.000000,260.677155,0.000000,0.000000,0.000000,0.000000,-0.460925,-0.775853,0.000000,0.000000,0.000000,0.200000,1.000000,0.000000,0.000000,0.000000,0.000000,0.000000,0.950000,1.000000,1.000000,0.000000

36
--------------
0.000000,-35820.000000,3.000000,-9.332840,394.065674,1.193444,12.000000,40.000000,0.000000,0.000000,0.000000,0.000000,0.000000,0.000000,0.000000,260.677155,0.000000,0.000000,0.000000,0.000000,-0.460925,-0.775853,0.000000,0.000000,0.000000,0.200000,1.000000,0.000000,0.000000,0.000000,0.000000,0.000000,0.950000,1.000000,1.000000,0.000000

36
--------------
0.000000,-35820.000000,3.000000,-9.332840,394.065674,1.193444,12.000000,40.000000,0.000000,0.000000,0.000000,0.000000,0.000000,0.000000,0.000000,260.677155,0.000000,0.000000,0.000000,0.000000,-0.460925,-0.775853,0.000000,0.000000,0.000000,0.200000,1.000000,0.000000,0.000000,0.000000,0.000000,0.000000,0.950000,1.000000,1.000000,0.000000

36
--------------
0.000000,-35820.000000,3.000000,-9.332840,394.065674,1.193444,12.000000,40.000000,0.000000,0.000000,0.000000,0.000000,0.000000,0.000000,0.000000,260.677155,0.000000,0.000000,0.000000,0.000000,-0.460925,-0.775853,0.000000,0.000000,0.000000,0.200000,1.000000,0.000000,0.000000,0.000000,0.000000,0.000000,0.950000,1.000000,1.000000,0.000000

36
--------------
0.000000,-35820.000000,3.000000,-9.332840,394.065674,1.193444,12.000000,40.000000,0.000000,0.000000,0.000000,0.000000,0.000000,0.000000,0.000000,260.677155,0.000000,0.000000,0.000000,0.000000,-0.460925,-0.775853,0.000000,0.000000,0.000000,0.200000,1.000000,0.000000,0.000000,0.000000,0.000000,0.000000,0.950000,1.000000,1.000000,0.000000

36
--------------
0.000000,-35820.000000,3.000000,-9.332840,394.065674,1.193444,12.000000,40.000000,0.000000,0.000000,0.000000,0.000000,0.000000,0.000000,0.000000,260.677155,0.000000,0.000000,0.000000,0.000000,-0.460925,-0.775853,0.000000,0.000000,0.000000,0.200000,1.000000,0.000000,0.000000,0.000000,0.000000,0.000000,0.950000,1.000000,1.000000,0.000000

36
--------------
0.000000,-35820.000000,3.000000,-9.332840,394.065674,1.193444,12.000000,40.000000,0.000000,0.000000,0.000000,0.000000,0.000000,0.000000,0.000000,260.677155,0.000000,0.000000,0.000000,0.000000,-0.460925,-0.775853,0.000000,0.000000,0.000000,0.200000,1.000000,0.000000,0.000000,0.000000,0.000000,0.000000,0.950000,1.000000,1.000000,0.000000

36
--------------
0.000000,-35820.000000,3.000000,-9.332840,394.065674,1.193444,12.000000,40.000000,0.000000,0.000000,0.000000,0.000000,0.000000,0.000000,0.000000,260.677155,0.000000,0.000000,0.000000,0.000000,-0.460925,-0.775853,0.000000,0.000000,0.000000,0.200000,1.000000,0.000000,0.000000,0.000000,0.000000,0.000000,0.950000,1.000000,1.000000,0.000000

36
--------------
0.000000,-35820.000000,3.000000,-9.332840,394.065674,1.193444,12.000000,40.000000,0.000000,0.000000,0.000000,0.000000,0.000000,0.000000,0.000000,260.677155,0.000000,0.000000,0.000000,0.000000,-0.460925,-0.775853,0.000000,0.000000,0.000000,0.200000,1.000000,0.000000,0.000000,0.000000,0.000000,0.000000,0.950000,1.000000,1.000000,0.000000

36
--------------
0.000000,-35820.000000,3.000000,-9.332840,394.065674,1.193444,12.000000,40.000000,0.000000,0.000000,0.000000,0.000000,0.000000,0.000000,0.000000,260.677155,0.000000,0.000000,0.000000,0.000000,-0.460925,-0.775853,0.000000,0.000000,0.000000,0.200000,1.000000,0.000000,0.000000,0.000000,0.000000,0.000000,0.950000,1.000000,1.000000,0.000000

36
--------------
0.000000,-35820.000000,3.000000,-9.332840,394.065674,1.193444,12.000000,40.000000,0.000000,0.000000,0.000000,0.000000,0.000000,0.000000,0.000000,260.677155,0.000000,0.000000,0.000000,0.000000,-0.460925,-0.775853,0.000000,0.000000,0.000000,0.200000,1.000000,0.000000,0.000000,0.000000,0.000000,0.000000,0.950000,1.000000,1.000000,0.000000

36
--------------
0.000000,-35820.000000,3.000000,-9.332840,394.065674,1.193444,12.000000,40.000000,0.000000,0.000000,0.000000,0.000000,0.000000,0.000000,0.000000,260.677155,0.000000,0.000000,0.000000,0.000000,-0.460925,-0.775853,0.000000,0.000000,0.000000,0.200000,1.000000,0.000000,0.000000,0.000000,0.000000,0.000000,0.950000,1.000000,1.000000,0.000000

36
--------------
0.000000,-35820.000000,3.000000,-9.332840,394.065674,1.193444,12.000000,40.000000,0.000000,0.000000,0.000000,0.000000,0.000000,0.000000,0.000000,260.677155,0.000000,0.000000,0.000000,0.000000,-0.460925,-0.775853,0.000000,0.000000,0.000000,0.200000,1.000000,0.000000,0.000000,0.000000,0.000000,0.000000,0.950000,1.000000,1.000000,0.000000

36
--------------
0.000000,-35820.000000,3.000000,-9.332840,394.065674,1.193444,12.000000,40.000000,0.000000,0.000000,0.000000,0.000000,0.000000,0.000000,0.000000,260.677155,0.000000,0.000000,0.000000,0.000000,-0.460925,-0.775853,0.000000,0.000000,0.000000,0.200000,1.000000,0.000000,0.000000,0.000000,0.000000,0.000000,0.950000,1.000000,1.000000,0.000000

36
--------------
0.000000,-35820.000000,3.000000,-9.332840,394.065674,1.193444,12.000000,40.000000,0.000000,0.000000,0.000000,0.000000,0.000000,0.000000,0.000000,260.677155,0.000000,0.000000,0.000000,0.000000,-0.460925,-0.775853,0.000000,0.000000,0.000000,0.200000,1.000000,0.000000,0.000000,0.000000,0.000000,0.000000,0.950000,1.000000,1.000000,0.000000

36
--------------
0.000000,-35820.000000,3.000000,-9.332840,394.065674,1.193444,12.000000,40.000000,0.000000,0.000000,0.000000,0.000000,0.000000,0.000000,0.000000,260.677155,0.000000,0.000000,0.000000,0.000000,-0.460925,-0.775853,0.000000,0.000000,0.000000,0.200000,1.000000,0.000000,0.000000,0.000000,0.000000,0.000000,0.950000,1.000000,1.000000,0.000000

36
--------------
0.000000,-35820.000000,3.000000,-9.332840,394.065674,1.193444,12.000000,40.000000,0.000000,0.000000,0.000000,0.000000,0.000000,0.000000,0.000000,260.677155,0.000000,0.000000,0.000000,0.000000,-0.460925,-0.775853,0.000000,0.000000,0.000000,0.200000,1.000000,0.000000,0.000000,0.000000,0.000000,0.000000,0.950000,1.000000,1.000000,0.000000

36
--------------
0.000000,-35820.000000,3.000000,-9.332840,394.065674,1.193444,12.000000,40.000000,0.000000,0.000000,0.000000,0.000000,0.000000,0.000000,0.000000,260.677155,0.000000,0.000000,0.000000,0.000000,-0.460925,-0.775853,0.000000,0.000000,0.000000,0.200000,1.000000,0.000000,0.000000,0.000000,0.000000,0.000000,0.950000,1.000000,1.000000,0.000000

36
--------------
0.000000,-35820.000000,3.000000,-9.332840,394.065674,1.193444,12.000000,40.000000,0.000000,0.000000,0.000000,0.000000,0.000000,0.000000,0.000000,260.677155,0.000000,0.000000,0.000000,0.000000,-0.460925,-0.775853,0.000000,0.000000,0.000000,0.200000,1.000000,0.000000,0.000000,0.000000,0.000000,0.000000,0.950000,1.000000,1.000000,0.000000

36
--------------
0.000000,-35820.000000,3.000000,-9.332840,394.065674,1.193444,12.000000,40.000000,0.000000,0.000000,0.000000,0.000000,0.000000,0.000000,0.000000,260.677155,0.000000,0.000000,0.000000,0.000000,-0.460925,-0.775853,0.000000,0.000000,0.000000,0.200000,1.000000,0.000000,0.000000,0.000000,0.000000,0.000000,0.950000,1.000000,1.000000,0.000000

36
--------------
0.000000,-35820.000000,3.000000,-9.332840,394.065674,1.193444,12.000000,40.000000,0.000000,0.000000,0.000000,0.000000,0.000000,0.000000,0.000000,260.677155,0.000000,0.000000,0.000000,0.000000,-0.460925,-0.775853,0.000000,0.000000,0.000000,0.200000,1.000000,0.000000,0.000000,0.000000,0.000000,0.000000,0.950000,1.000000,1.000000,0.000000

36
--------------
0.000000,-35820.000000,3.000000,-9.332840,394.065674,1.193444,12.000000,40.000000,0.000000,0.000000,0.000000,0.000000,0.000000,0.000000,0.000000,260.677155,0.000000,0.000000,0.000000,0.000000,-0.460925,-0.775853,0.000000,0.000000,0.000000,0.200000,1.000000,0.000000,0.000000,0.000000,0.000000,0.000000,0.950000,1.000000,1.000000,0.000000

36
--------------
0.000000,-35820.000000,3.000000,-9.332840,394.065674,1.193444,12.000000,40.000000,0.000000,0.000000,0.000000,0.000000,0.000000,0.000000,0.000000,260.677155,0.000000,0.000000,0.000000,0.000000,-0.460925,-0.775853,0.000000,0.000000,0.000000,0.200000,1.000000,0.000000,0.000000,0.000000,0.000000,0.000000,0.950000,1.000000,1.000000,0.000000

36
--------------
0.000000,-35820.000000,3.000000,-9.332840,394.065674,1.193444,12.000000,40.000000,0.000000,0.000000,0.000000,0.000000,0.000000,0.000000,0.000000,260.677155,0.000000,0.000000,0.000000,0.000000,-0.460925,-0.775853,0.000000,0.000000,0.000000,0.200000,1.000000,0.000000,0.000000,0.000000,0.000000,0.000000,0.950000,1.000000,1.000000,0.000000

36
--------------
0.000000,-35820.000000,3.000000,-9.332840,394.065674,1.193444,12.000000,40.000000,0.000000,0.000000,0.000000,0.000000,0.000000,0.000000,0.000000,260.677155,0.000000,0.000000,0.000000,0.000000,-0.460925,-0.775853,0.000000,0.000000,0.000000,0.200000,1.000000,0.000000,0.000000,0.000000,0.000000,0.000000,0.950000,1.000000,1.000000,0.000000

36
--------------
0.000000,-35820.000000,3.000000,-9.332840,394.065674,1.193444,12.000000,40.000000,0.000000,0.000000,0.000000,0.000000,0.000000,0.000000,0.000000,260.677155,0.000000,0.000000,0.000000,0.000000,-0.460925,-0.775853,0.000000,0.000000,0.000000,0.200000,1.000000,0.000000,0.000000,0.000000,0.000000,0.000000,0.950000,1.000000,1.000000,0.000000

36
--------------
0.000000,-35820.000000,3.000000,-9.332840,394.065674,1.193444,12.000000,40.000000,0.000000,0.000000,0.000000,0.000000,0.000000,0.000000,0.000000,260.677155,0.000000,0.000000,0.000000,0.000000,-0.460925,-0.775853,0.000000,0.000000,0.000000,0.200000,1.000000,0.000000,0.000000,0.000000,0.000000,0.000000,0.950000,1.000000,1.000000,0.000000

36
--------------
0.000000,-35820.000000,3.000000,-9.332840,394.065674,1.193444,12.000000,40.000000,0.000000,0.000000,0.000000,0.000000,0.000000,0.000000,0.000000,260.677155,0.000000,0.000000,0.000000,0.000000,-0.460925,-0.775853,0.000000,0.000000,0.000000,0.200000,1.000000,0.000000,0.000000,0.000000,0.000000,0.000000,0.950000,1.000000,1.000000,0.000000

36
--------------
0.000000,-35820.000000,3.000000,-9.332840,394.065674,1.193444,12.000000,40.000000,0.000000,0.000000,0.000000,0.000000,0.000000,0.000000,0.000000,260.677155,0.000000,0.000000,0.000000,0.000000,-0.460925,-0.775853,0.000000,0.000000,0.000000,0.200000,1.000000,0.000000,0.000000,0.000000,0.000000,0.000000,0.950000,1.000000,1.000000,0.000000

36
--------------
0.000000,-35820.000000,3.000000,-9.332840,394.065674,1.193444,12.000000,40.000000,0.000000,0.000000,0.000000,0.000000,0.000000,0.000000,0.000000,260.677155,0.000000,0.000000,0.000000,0.000000,-0.460925,-0.775853,0.000000,0.000000,0.000000,0.200000,1.000000,0.000000,0.000000,0.000000,0.000000,0.000000,0.950000,1.000000,1.000000,0.000000

36
--------------
0.000000,-35820.000000,3.000000,-9.332840,394.065674,1.193444,12.000000,40.000000,0.000000,0.000000,0.000000,0.000000,0.000000,0.000000,0.000000,260.677155,0.000000,0.000000,0.000000,0.000000,-0.460925,-0.775853,0.000000,0.000000,0.000000,0.200000,1.000000,0.000000,0.000000,0.000000,0.000000,0.000000,0.950000,1.000000,1.000000,0.000000

36
--------------
0.000000,-35820.000000,3.000000,-9.332840,394.065674,1.193444,12.000000,40.000000,0.000000,0.000000,0.000000,0.000000,0.000000,0.000000,0.000000,260.677155,0.000000,0.000000,0.000000,0.000000,-0.460925,-0.775853,0.000000,0.000000,0.000000,0.200000,1.000000,0.000000,0.000000,0.000000,0.000000,0.000000,0.950000,1.000000,1.000000,0.000000

36
--------------
0.000000,-35820.000000,3.000000,-9.332840,394.065674,1.193444,12.000000,40.000000,0.000000,0.000000,0.000000,0.000000,0.000000,0.000000,0.000000,260.677155,0.000000,0.000000,0.000000,0.000000,-0.460925,-0.775853,0.000000,0.000000,0.000000,0.200000,1.000000,0.000000,0.000000,0.000000,0.000000,0.000000,0.950000,1.000000,1.000000,0.000000

36
--------------
0.000000,-35820.000000,3.000000,-9.332840,394.065674,1.193444,12.000000,40.000000,0.000000,0.000000,0.000000,0.000000,0.000000,0.000000,0.000000,260.677155,0.000000,0.000000,0.000000,0.000000,-0.460925,-0.775853,0.000000,0.000000,0.000000,0.200000,1.000000,0.000000,0.000000,0.000000,0.000000,0.000000,0.950000,1.000000,1.000000,0.000000

36
--------------
0.000000,-35820.000000,3.000000,-9.332840,394.065674,1.193444,12.000000,40.000000,0.000000,0.000000,0.000000,0.000000,0.000000,0.000000,0.000000,260.677155,0.000000,0.000000,0.000000,0.000000,-0.460925,-0.775853,0.000000,0.000000,0.000000,0.200000,1.000000,0.000000,0.000000,0.000000,0.000000,0.000000,0.950000,1.000000,1.000000,0.000000

36
--------------
0.000000,-35820.000000,3.000000,-9.332840,394.065674,1.193444,12.000000,40.000000,0.000000,0.000000,0.000000,0.000000,0.000000,0.000000,0.000000,260.677155,0.000000,0.000000,0.000000,0.000000,-0.460925,-0.775853,0.000000,0.000000,0.000000,0.200000,1.000000,0.000000,0.000000,0.000000,0.000000,0.000000,0.950000,1.000000,1.000000,0.000000

36
--------------
0.000000,-35820.000000,3.000000,-9.332840,394.065674,1.193444,12.000000,40.000000,0.000000,0.000000,0.000000,0.000000,0.000000,0.000000,0.000000,260.677155,0.000000,0.000000,0.000000,0.000000,-0.460925,-0.775853,0.000000,0.000000,0.000000,0.200000,1.000000,0.000000,0.000000,0.000000,0.000000,0.000000,0.950000,1.000000,1.000000,0.000000

36
--------------
0.000000,-35820.000000,3.000000,-9.332840,394.065674,1.193444,12.000000,40.000000,0.000000,0.000000,0.000000,0.000000,0.000000,0.000000,0.000000,260.677155,0.000000,0.000000,0.000000,0.000000,-0.460925,-0.775853,0.000000,0.000000,0.000000,0.200000,1.000000,0.000000,0.000000,0.000000,0.000000,0.000000,0.950000,1.000000,1.000000,0.000000

36
--------------
0.000000,-35820.000000,3.000000,-9.332840,394.065674,1.193444,12.000000,40.000000,0.000000,0.000000,0.000000,0.000000,0.000000,0.000000,0.000000,260.677155,0.000000,0.000000,0.000000,0.000000,-0.460925,-0.775853,0.000000,0.000000,0.000000,0.200000,1.000000,0.000000,0.000000,0.000000,0.000000,0.000000,0.950000,1.000000,1.000000,0.000000

36
--------------
0.000000,-35820.000000,3.000000,-9.332840,394.065674,1.193444,12.000000,40.000000,0.000000,0.000000,0.000000,0.000000,0.000000,0.000000,0.000000,260.677155,0.000000,0.000000,0.000000,0.000000,-0.460925,-0.775853,0.000000,0.000000,0.000000,0.200000,1.000000,0.000000,0.000000,0.000000,0.000000,0.000000,0.950000,1.000000,1.000000,0.000000

36
--------------
0.000000,-35820.000000,3.000000,-9.332840,394.065674,1.193444,12.000000,40.000000,0.000000,0.000000,0.000000,0.000000,0.000000,0.000000,0.000000,260.677155,0.000000,0.000000,0.000000,0.000000,-0.460925,-0.775853,0.000000,0.000000,0.000000,0.200000,1.000000,0.000000,0.000000,0.000000,0.000000,0.000000,0.950000,1.000000,1.000000,0.000000

36
--------------
0.000000,-35820.000000,3.000000,-9.332840,394.065674,1.193444,12.000000,40.000000,0.000000,0.000000,0.000000,0.000000,0.000000,0.000000,0.000000,260.677155,0.000000,0.000000,0.000000,0.000000,-0.460925,-0.775853,0.000000,0.000000,0.000000,0.200000,1.000000,0.000000,0.000000,0.000000,0.000000,0.000000,0.950000,1.000000,1.000000,0.000000

36
--------------
0.000000,-35820.000000,3.000000,-9.332840,394.065674,1.193444,12.000000,40.000000,0.000000,0.000000,0.000000,0.000000,0.000000,0.000000,0.000000,260.677155,0.000000,0.000000,0.000000,0.000000,-0.460925,-0.775853,0.000000,0.000000,0.000000,0.200000,1.000000,0.000000,0.000000,0.000000,0.000000,0.000000,0.950000,1.000000,1.000000,0.000000

36
--------------
0.000000,-35820.000000,3.000000,-9.332840,394.065674,1.193444,12.000000,40.000000,0.000000,0.000000,0.000000,0.000000,0.000000,0.000000,0.000000,260.677155,0.000000,0.000000,0.000000,0.000000,-0.460925,-0.775853,0.000000,0.000000,0.000000,0.200000,1.000000,0.000000,0.000000,0.000000,0.000000,0.000000,0.950000,1.000000,1.000000,0.000000

36
--------------
0.000000,-35820.000000,3.000000,-9.332840,394.065674,1.193444,12.000000,40.000000,0.000000,0.000000,0.000000,0.000000,0.000000,0.000000,0.000000,260.677155,0.000000,0.000000,0.000000,0.000000,-0.460925,-0.775853,0.000000,0.000000,0.000000,0.200000,1.000000,0.000000,0.000000,0.000000,0.000000,0.000000,0.950000,1.000000,1.000000,0.000000

36
--------------
0.000000,-35820.000000,3.000000,-9.332840,394.065674,1.193444,12.000000,40.000000,0.000000,0.000000,0.000000,0.000000,0.000000,0.000000,0.000000,260.677155,0.000000,0.000000,0.000000,0.000000,-0.460925,-0.775853,0.000000,0.000000,0.000000,0.200000,1.000000,0.000000,0.000000,0.000000,0.000000,0.000000,0.950000,1.000000,1.000000,0.000000

36
--------------
0.000000,-35820.000000,3.000000,-9.332840,394.065674,1.193444,12.000000,40.000000,0.000000,0.000000,0.000000,0.000000,0.000000,0.000000,0.000000,260.677155,0.000000,0.000000,0.000000,0.000000,-0.460925,-0.775853,0.000000,0.000000,0.000000,0.200000,1.000000,0.000000,0.000000,0.000000,0.000000,0.000000,0.950000,1.000000,1.000000,0.000000

36
--------------
0.000000,-35820.000000,3.000000,-9.332840,394.065674,1.193444,12.000000,40.000000,0.000000,0.000000,0.000000,0.000000,0.000000,0.000000,0.000000,260.677155,0.000000,0.000000,0.000000,0.000000,-0.460925,-0.775853,0.000000,0.000000,0.000000,0.200000,1.000000,0.000000,0.000000,0.000000,0.000000,0.000000,0.950000,1.000000,1.000000,0.000000

36
--------------
0.000000,-35820.000000,0.000000,-9.332840,394.065674,1.193444,12.000000,40.000000,0.000000,0.000000,0.000000,0.000000,0.000000,0.000000,0.000000,260.677155,0.000000,0.000000,0.000000,0.000000,-0.460925,-0.775853,0.000000,0.000000,0.000000,0.000000,0.000000,0.000000,0.000000,0.000000,1.000000,0.000000,0.000000,0.000000,0.000000,0.000000

36
--------------
0.000000,-35820.000000,0.000000,-9.332840,417.283569,24.411354,12.000000,40.000000,0.000000,0.000000,20.000143,20.000000,22.676619,0.000000,0.000502,260.677124,7.286854,-0.012185,-0.985256,716.430725,-0.460925,-0.775853,0.000000,0.000000,0.000000,0.000000,0.000000,0.000000,0.000000,0.000000,1.000000,0.000000,0.000000,0.000000,0.000000,0.000000

36
--------------
0.065351,-35820.000000,0.000000,-9.332840,389.062622,-3.809594,12.000000,40.000000,0.000000,0.000000,0.000142,0.000000,22.676617,0.000000,-0.000134,260.677124,25.942045,-0.016255,-1.582221,-779.934143,-0.460925,-0.775853,0.000000,0.000000,0.000000,0.000000,0.000000,0.000000,0.000000,0.000000,1.000000,0.000000,0.000000,0.000000,0.000000,0.000000

36
--------------
0.000162,-35820.000000,0.000000,-9.332840,361.982758,-30.889473,12.000000,40.000000,0.000000,0.000000,-29.999857,-30.000000,22.676613,0.000000,0.000000,260.677124,50.575058,-0.017646,-1.943920,-1038.299927,-0.460925,-0.775853,0.000000,0.000000,0.000000,0.000000,0.000000,0.000000,0.000000,0.000000,1.000000,0.000000,0.000000,0.000000,0.000000,0.000000

36
--------------
0.415038,-35820.000000,0.000000,-9.332840,342.584686,-50.287537,12.000000,40.000000,0.000000,0.000000,-49.999859,-50.000000,22.676609,0.000000,-0.000000,260.677124,68.826126,-0.018009,-2.111680,-1191.205688,-0.460925,-0.775853,0.000000,0.000000,0.000000,0.000000,0.000000,0.000000,0.000000,0.000000,1.000000,0.000000,0.000000,0.000000,0.000000,0.000000

36
--------------
2.412384,-35820.000000,0.000000,-9.332840,332.859833,-60.012394,12.000000,40.000000,0.000000,0.000000,-59.999859,-60.000000,22.676609,0.000000,0.000100,260.677124,77.670120,-0.018110,-2.176851,-1282.248901,-0.460925,-0.775853,0.000000,0.000000,0.000000,0.000000,0.000000,0.000000,0.000000,0.000000,1.000000,0.000000,0.000000,0.000000,0.000000,0.000000

36
--------------
2.953159,-35820.000000,0.000000,-9.332840,324.389771,-68.482468,12.000000,40.000000,0.000000,0.000000,-69.999855,-70.000000,22.676609,0.000000,0.000134,260.677124,84.826576,-0.018171,-2.224262,-1347.835693,-0.460925,-0.775853,0.000000,0.000000,0.000000,0.000000,0.000000,0.000000,0.000000,0.000000,1.000000,0.000000,0.000000,0.000000,0.000000,0.000000

36
--------------
2.434022,-35820.000000,0.000000,-9.332840,314.360016,-78.512215,12.000000,40.000000,0.000000,0.000000,-79.999855,-80.000000,22.676609,0.000000,0.000201,260.677124,92.401970,-0.018209,-2.270539,-1406.636719,-0.460925,-0.775853,0.000000,0.000000,0.000000,0.000000,0.000000,0.000000,0.000000,0.000000,1.000000,0.000000,0.000000,0.000000,0.000000,0.000000

36
--------------
0.000000,-35820.000000,0.000000,-9.332840,287.053772,-105.818451,12.000000,40.000000,0.000000,0.000000,-109.999855,-110.000000,22.676603,0.000000,-0.000167,260.677124,108.195045,-0.018385,-2.360970,-1336.683350,0.265068,-0.034080,0.000000,0.000000,0.000000,0.000000,0.000000,0.000000,0.000000,0.000000,1.000000,0.000000,0.000000,0.000000,0.000000,0.000000

36
--------------
0.000184,-35820.000000,0.000000,-9.332840,265.389679,-127.482552,12.000000,40.000000,0.000000,0.000000,-129.999863,-130.000000,22.676601,0.000000,-0.000067,260.677124,114.958534,-0.018420,-2.406883,-1341.288208,0.265068,-0.034080,0.000000,0.000000,0.000000,0.000000,0.000000,0.000000,0.000000,0.000000,1.000000,0.000000,0.000000,0.000000,0.000000,0.000000

36
--------------
0.000000,-35820.000000,0.000000,-9.332840,238.298477,-154.573761,12.000000,40.000000,0.000000,0.000000,-149.999863,-150.000000,22.676601,0.000000,0.000000,260.677124,116.046333,-0.018296,-2.443581,-1292.549316,0.265068,-0.034080,0.000000,0.000000,0.000000,0.000000,0.000000,0.000000,0.000000,0.000000,1.000000,0.000000,0.000000,0.000000,0.000000,0.000000

36
--------------
0.000000,-35820.000000,0.000000,-9.332840,211.210052,-181.662186,12.000000,40.000000,0.000000,0.000000,-179.999863,-180.000000,22.676603,0.000000,-0.000000,260.677124,110.223030,-0.018072,-2.465816,-1265.249146,0.265068,-0.034080,0.000000,0.000000,0.000000,0.000000,0.000000,0.000000,0.000000,0.000000,1.000000,0.000000,0.000000,0.000000,0.000000,0.000000

36
--------------
4.084304,-35820.000000,0.000000,-9.332840,206.206711,-186.665512,12.000000,40.000000,0.000000,0.000000,-189.999863,-190.000000,22.676603,0.000000,-0.000000,260.677124,108.340988,-0.018057,-2.469204,-1294.740967,0.265068,-0.034080,0.000000,0.000000,0.000000,0.000000,0.000000,0.000000,0.000000,0.000000,1.000000,0.000000,0.000000,0.000000,0.000000,0.000000

36
--------------
4.665900,-35820.000000,0.000000,-9.332840,201.426041,-191.446182,12.000000,40.000000,0.000000,0.000000,-189.999863,-190.000000,22.676603,0.000000,0.000000,260.677124,106.537064,-0.018036,-2.471907,-1335.097412,0.265068,-0.034080,0.000000,0.000000,0.000000,0.000000,0.000000,0.000000,0.000000,0.000000,1.000000,0.000000,0.000000,0.000000,0.000000,0.000000

36
--------------
3.778542,-35820.000000,0.000000,-9.332840,194.385330,-198.486893,12.000000,40.000000,0.000000,0.000000,-199.999863,-200.000000,22.676603,0.000000,-0.000100,260.677124,103.886024,-0.017973,-2.475214,-1397.542847,0.265068,-0.034080,0.000000,0.000000,0.000000,0.000000,0.000000,0.000000,0.000000,0.000000,1.000000,0.000000,0.000000,0.000000,0.000000,0.000000

36
--------------
4.502573,-35820.000000,0.000000,-9.332840,189.411728,-203.460510,12.000000,40.000000,0.000000,0.000000,-199.999863,-200.000000,22.676603,0.000000,-0.000033,260.677124,101.728630,-0.017925,-2.477484,-1421.714233,0.265068,-0.034080,0.000000,0.000000,0.000000,0.000000,0.000000,0.000000,0.000000,0.000000,1.000000,0.000000,0.000000,0.000000,0.000000,0.000000

36
--------------
4.940001,-35820.000000,0.000000,-9.332840,185.048019,-207.824219,12.000000,40.000000,0.000000,0.000000,-209.999863,-210.000000,22.676603,0.000000,0.000067,260.677124,99.781319,-0.017884,-2.479288,-1442.463867,0.265068,-0.034080,0.000000,0.000000,0.000000,0.000000,0.000000,0.000000,0.000000,0.000000,1.000000,0.000000,0.000000,0.000000,0.000000,0.000000

36
--------------
4.888031,-35820.000000,0.000000,-9.332840,180.290390,-212.581833,12.000000,40.000000,0.000000,0.000000,-209.999863,-210.000000,22.676605,0.000000,0.000000,260.677124,97.679947,-0.017839,-2.481027,-1468.514282,0.265068,-0.034080,0.000000,0.000000,0.000000,0.000000,0.000000,0.000000,0.000000,0.000000,1.000000,0.000000,0.000000,0.000000,0.000000,0.000000

36
--------------
4.997639,-35820.000000,0.000000,-9.332840,175.816620,-217.055603,12.000000,40.000000,0.000000,0.000000,-219.999863,-220.000000,22.676603,0.000000,0.000167,260.677124,95.637833,-0.017777,-2.482547,-1487.976074,0.265068,-0.034080,0.000000,0.000000,0.000000,0.000000,0.000000,0.000000,0.000000,0.000000,1.000000,0.000000,0.000000,0.000000,0.000000,0.000000

36
--------------
5.252037,-35820.000000,0.000000,-9.332840,171.849884,-221.022339,12.000000,40.000000,0.000000,0.000000,-219.999863,-220.000000,22.676603,0.000000,-0.000100,260.677124,93.776382,-0.017724,-2.483810,-1501.425293,0.265068,-0.034080,0.000000,0.000000,0.000000,0.000000,0.000000,0.000000,0.000000,0.000000,1.000000,0.000000,0.000000,0.000000,0.000000,0.000000

36
--------------
5.062438,-35820.000000,0.000000,-9.332840,167.265549,-225.606689,12.000000,40.000000,0.000000,0.000000,-219.999863,-220.000000,22.676603,0.000000,-0.000000,260.677124,91.693153,-0.017666,-2.485107,-1521.379395,0.265068,-0.034080,0.000000,0.000000,0.000000,0.000000,0.000000,0.000000,0.000000,0.000000,1.000000,0.000000,0.000000,0.000000,0.000000,0.000000

36
--------------
2.277211,-35820.000000,0.000000,-9.332840,156.598450,-236.273788,12.000000,40.000000,0.000000,0.000000,-239.999863,-240.000000,22.676601,0.000000,-0.000067,260.677124,87.111412,-0.017565,-2.487607,-1559.700562,0.265068,-0.034080,0.000000,0.000000,0.000000,0.000000,0.000000,0.000000,0.000000,0.000000,1.000000,0.000000,0.000000,0.000000,0.000000,0.000000

36
--------------
0.000000,-35820.000000,3.000000,-9.332840,129.284409,-263.587830,12.000000,40.000000,0.000000,0.000000,-259.999847,-260.000000,22.677021,0.001243,-2.471492,260.677124,75.431137,-0.014451,-2.492491,-1423.425049,0.265068,-0.034080,0.000000,0.000000,0.000000,0.200000,1.000000,1.000000,1.000000,0.000000,0.000000,3.000000,0.949000,1.000000,1.000000,800.000000

36
--------------
0.000000,-35820.000000,3.000000,-9.332840,102.207054,-290.665161,12.000000,40.000000,0.000000,0.000000,-289.999847,-290.000000,22.676853,0.001337,-0.004083,260.677124,66.399193,-0.016044,-2.495450,-1335.127930,0.265068,-0.034080,0.000000,0.000000,0.200000,0.200000,1.000000,1.000000,1.000000,0.000000,0.000000,3.000000,0.949000,1.000000,1.000000,0.000000

36
--------------
3.732331,-35820.000000,3.000000,-9.332840,96.440765,-296.431458,12.000000,40.000000,0.000000,0.000000,-299.999847,-300.000000,22.676844,0.001307,-0.001406,260.677124,64.812454,-0.016319,-2.495952,-1359.692505,0.265068,-0.034080,0.000000,0.000000,0.200000,0.200000,1.000000,1.000000,1.000000,0.000000,0.000000,3.000000,0.949000,1.000000,1.000000,0.000000

36
--------------
0.000000,-35820.000000,3.000000,-9.332840,68.810989,-324.061249,12.000000,40.000000,0.000000,0.000000,-319.999847,-320.000000,22.676985,0.001182,0.016835,260.677124,60.510090,-0.017013,-1.928390,-1314.313599,0.265068,-0.034080,0.000000,0.000000,0.200000,0.200000,1.000000,1.000000,1.000000,0.000000,0.000000,3.000000,0.949000,1.000000,1.000000,293.784515

36
--------------
4.147507,-35820.000000,3.000000,-9.332840,64.065842,-328.806396,11.518507,38.395023,0.000000,-0.000000,-329.999847,-330.000000,22.677044,0.001159,0.018274,260.677124,60.138485,-0.017041,-1.764471,-1331.775635,0.265068,-0.034080,0.000000,0.000000,0.200000,0.200000,1.000000,1.000000,1.000000,0.000000,0.000000,3.000000,0.949000,1.000000,1.000000,334.063904

36
--------------
3.943786,-35820.000000,3.000000,-9.332840,57.688107,-335.184113,10.895288,36.317623,0.000000,-0.000000,-329.999847,-330.000000,22.677114,0.001132,0.017839,260.677124,59.904026,-0.017039,-1.579547,-1383.317505,0.265068,-0.034080,0.000000,0.000000,0.200000,0.200000,1.000000,1.000000,1.000000,0.000000,0.000000,3.000000,0.949000,1.000000,1.000000,374.237122

36
--------------
0.094594,-35820.000000,3.000000,-9.332840,41.775650,-351.096588,9.290084,30.966734,0.000064,-0.000000,-349.999847,-350.000000,22.677275,0.001070,0.014593,260.679077,60.179100,-0.016917,-1.191617,-1429.395386,0.265068,-0.034080,0.000000,0.000000,0.200000,0.200000,1.000000,1.000000,1.000000,0.000000,0.000000,3.000000,0.949000,1.000000,1.000000,446.083008

36
--------------
0.000000,-35820.000000,3.000000,-9.332840,22.204575,-370.667664,6.362040,21.152264,0.016321,-0.000132,-369.999847,-370.000000,22.677813,0.001155,0.064361,261.181305,63.154339,-0.016696,-0.722232,-1108.950806,0.265068,-0.034080,0.000000,0.000000,0.200000,0.200000,1.000000,0.000000,0.000000,0.000000,0.000000,3.000000,0.949000,1.000000,1.000000,785.171936

36
--------------
0.000000,-35820.000000,3.000000,-9.332840,22.201466,-370.670776,5.291868,17.469669,0.050832,-0.000450,-369.999847,-370.000000,22.678020,0.001497,0.035009,262.256195,64.327583,-0.016098,-0.634705,-827.262878,0.265068,-0.034080,0.000000,0.000000,0.200000,0.200000,1.000000,0.000000,0.000000,0.000000,0.000000,3.000000,0.949000,1.000000,1.000000,855.270447

36
--------------
1.054975,-35820.000000,3.000000,-9.332840,22.197098,-370.675140,4.108917,12.911564,0.234754,-0.002313,-369.999847,-370.000000,22.678171,0.003140,0.019680,268.021240,66.108414,-0.014559,-0.532843,-444.644653,0.265068,-0.034080,0.000000,0.000000,0.200000,0.200000,1.000000,0.000000,0.000000,0.000000,0.000000,3.000000,0.949000,1.000000,1.000000,903.278931

36
--------------
1.122745,-35820.000000,3.000000,-9.332840,22.194054,-370.678162,3.603916,9.949162,0.617245,-0.006411,-369.999847,-370.000000,22.678251,0.005575,0.019278,280.143158,67.533455,-0.012780,-0.468342,-159.937531,0.265068,-0.034080,0.000000,0.000000,0.200000,0.200000,1.000000,0.000000,0.000000,0.000000,0.000000,3.000000,0.949000,1.000000,1.000000,913.884521

36
--------------
1.187167,-35820.000000,3.000000,-9.332840,22.190969,-370.681274,3.579328,7.437920,1.343624,-0.014426,-369.999847,-370.000000,22.678329,0.009003,0.021086,303.691620,68.977516,-0.010930,-0.413395,-18.304920,0.265068,-0.034080,0.000000,0.000000,0.200000,0.200000,1.000000,0.000000,0.000000,0.000000,0.000000,3.000000,0.949000,1.000000,1.000000,910.905518

36
--------------
1.246590,-35820.000000,3.000000,-9.332840,22.187862,-370.684357,4.047698,5.285581,2.453970,-0.026846,-369.999847,-370.000000,22.678415,0.013438,0.023696,341.397064,70.464546,-0.009207,-0.364953,-7.573208,0.265068,-0.034080,0.000000,0.000000,0.200000,0.200000,1.000000,0.000000,0.000000,0.000000,0.000000,3.000000,0.949000,1.000000,1.000000,899.600525

36
--------------
1.297453,-35820.000000,3.000000,-9.332840,22.184883,-370.687347,4.713058,3.551734,3.635527,-0.040038,-369.999847,-370.000000,22.678509,0.018577,0.023027,25.128672,71.923851,-0.007824,-0.323599,-10.584160,0.265068,-0.034080,0.000000,0.000000,0.200000,0.200000,1.000000,0.000000,0.000000,0.000000,0.000000,3.000000,0.949000,1.000000,1.000000,884.103394

36
--------------
1.364336,-35820.000000,3.000000,-9.332840,22.179598,-370.692627,5.146327,1.402732,4.710124,-0.051278,-369.999847,-370.000000,22.678694,0.028796,0.030323,73.823593,74.388992,-0.005873,-0.264247,-11.495724,0.265068,-0.034080,0.000000,0.000000,0.200000,0.200000,1.000000,0.000000,0.000000,0.000000,0.000000,3.000000,0.949000,1.000000,1.000000,854.080811

36
--------------
1.401898,-35820.000000,3.000000,-9.332840,22.176163,-370.696075,4.954399,0.463597,4.799938,-0.051272,-369.999847,-370.000000,22.678839,0.036960,0.029486,80.309784,76.111969,-0.004913,-0.228716,-15.569589,0.265068,-0.034080,0.000000,0.000000,0.200000,0.200000,1.000000,0.000000,0.000000,0.000000,0.000000,3.000000,0.949000,1.000000,1.000000,833.054077

36
--------------
1.440677,-35820.000000,3.000000,-9.332840,22.170254,-370.701965,4.797992,-0.050180,4.797992,-0.050180,-369.999847,-370.000000,22.679119,0.050904,0.034975,80.636475,78.730202,-0.004063,-0.181654,-18.557981,0.173842,-0.012917,0.000000,0.000000,0.200000,0.200000,1.000000,0.000000,0.000000,0.000000,0.000000,3.000000,0.949000,1.000000,1.000000,804.107849

36
--------------
1.474297,-35820.000000,3.000000,-9.332840,22.157787,-370.714447,4.838195,-0.049456,4.838195,-0.049456,-369.999847,-370.000000,22.679394,0.081616,0.033703,80.627144,83.397804,-0.003964,-0.111256,-13.352208,-0.018270,-0.276726,0.000000,0.000000,0.200000,0.200000,1.000000,0.000000,0.000000,0.000000,0.000000,3.000000,0.949000,1.000000,1.000000,767.801208

36
--------------
1.478212,-35820.000000,3.000000,-9.332840,22.151855,-370.720367,4.821824,-0.049017,4.821824,-0.049017,-369.999847,-370.000000,22.679831,0.096190,0.047727,80.622955,85.071724,-0.004150,-0.087573,-16.689314,-0.021192,-0.137538,0.000000,0.000000,0.200000,0.200000,1.000000,0.000000,0.000000,0.000000,0.000000,3.000000,0.949000,1.000000,1.000000,760.911194

36
--------------
1.479906,-35820.000000,3.000000,-9.332840,22.148823,-370.723419,4.817829,-0.048861,4.817829,-0.048861,-369.999847,-370.000000,22.680037,0.104310,0.042372,80.620552,85.825233,-0.004249,-0.076356,-18.272684,-0.021192,-0.137538,0.000000,0.000000,0.200000,0.200000,1.000000,0.000000,0.000000,0.000000,0.000000,3.000000,0.949000,1.000000,1.000000,759.118469

36
--------------
1.479722,-35820.000000,3.000000,-9.332840,22.145105,-370.727112,4.816063,-0.048755,4.816063,-0.048755,-369.999847,-370.000000,22.680243,0.112899,0.037987,80.617928,86.464470,-0.004349,-0.065829,-11.705994,-0.021192,-0.137538,0.000000,0.000000,0.200000,0.200000,1.000000,0.000000,0.000000,0.000000,0.000000,3.000000,0.949000,1.000000,1.000000,758.404602

36
--------------
1.479149,-35820.000000,3.000000,-9.332840,22.140944,-370.731293,4.815341,-0.048704,4.815341,-0.048704,-369.999847,-370.000000,22.680464,0.122115,0.039594,80.615013,86.952293,-0.004427,-0.055918,-18.618523,-0.021192,-0.137538,0.000000,0.000000,0.200000,0.200000,1.000000,0.000000,0.000000,0.000000,0.000000,0.000000,0.949000,1.000000,1.000000,758.612732

36
--------------
1.479382,-35820.000000,3.000000,-9.332840,22.137287,-370.734955,4.815131,-0.048698,4.815131,-0.048698,-369.999847,-370.000000,22.680660,0.130169,0.037050,80.612381,87.196938,-0.004477,-0.048321,-11.649137,-0.021192,-0.137538,0.000000,0.000000,0.200000,0.200000,1.000000,0.000000,0.000000,0.000000,0.000000,0.000000,0.949000,1.000000,1.000000,759.325134

36
--------------
1.479813,-35820.000000,3.000000,-9.332840,22.133808,-370.738434,4.815089,-0.048716,4.815089,-0.048716,-369.999847,-370.000000,22.680847,0.137572,0.039427,80.609879,87.263588,-0.004499,-0.042142,-16.101337,-0.021192,-0.137538,0.000000,0.000000,0.200000,0.200000,1.000000,0.000000,0.000000,0.000000,0.000000,0.000000,0.949000,1.000000,1.000000,760.211304

36
--------------
1.480463,-35820.000000,3.000000,-9.332840,22.130415,-370.741821,4.815109,-0.048745,4.815109,-0.048745,-369.999847,-370.000000,22.681028,0.144574,0.039494,80.607437,87.182549,-0.004506,-0.036948,-4.822394,-0.021192,-0.137538,0.000000,0.000000,0.200000,0.200000,1.000000,0.000000,0.000000,0.000000,0.000000,0.000000,0.949000,1.000000,1.000000,761.117981

36
--------------
1.481557,-35820.000000,3.000000,-9.332840,22.127357,-370.744873,4.815152,-0.048773,4.815152,-0.048773,-369.999847,-370.000000,22.681192,0.150807,0.037552,80.605194,86.991234,-0.004503,-0.032813,-9.413128,-0.021192,-0.137538,0.000000,0.000000,0.200000,0.200000,1.000000,0.000000,0.000000,0.000000,0.000000,0.000000,0.949000,1.000000,1.000000,761.902466

36
--------------
1.482236,-35820.000000,3.000000,-9.332840,22.123672,-370.748566,4.815212,-0.048807,4.815212,-0.048807,-369.999847,-370.000000,22.681385,0.157875,0.037418,80.602577,86.639519,-0.004489,-0.028640,-15.339289,-0.021192,-0.137538,0.000000,0.000000,0.200000,0.200000,1.000000,0.000000,0.000000,0.000000,0.000000,0.000000,0.949000,1.000000,1.000000,762.701782

36
--------------
1.483557,-35820.000000,3.000000,-9.332840,22.119833,-370.752411,4.815271,-0.048841,4.815271,-0.048841,-369.999847,-370.000000,22.681589,0.165150,0.037218,80.599808,86.132370,-0.004468,-0.024868,-7.977840,-0.021192,-0.137538,0.000000,0.000000,0.200000,0.200000,1.000000,0.000000,0.000000,0.000000,0.000000,0.000000,0.949000,1.000000,1.000000,763.381714

36
--------------
1.485523,-35820.000000,3.000000,-9.332840,22.116377,-370.755859,4.804321,-0.049473,4.804321,-0.049473,-369.999847,-370.000000,22.681870,0.171693,0.057132,80.597313,85.557289,-0.004517,-0.021891,-13.495409,-0.215611,0.003011,0.000000,0.000000,0.200000,0.200000,1.000000,0.000000,0.000000,0.000000,0.000000,0.000000,0.949000,1.000000,1.000000,763.853027

36
--------------
1.487125,-35820.000000,3.000000,-9.332840,22.111835,-370.760406,4.789420,-0.051059,4.789420,-0.051059,-369.999847,-370.000000,22.682224,0.179897,0.048865,80.594177,84.690910,-0.004574,-0.018653,-9.965083,-0.483829,0.078986,0.000000,0.000000,0.200000,0.200000,1.000000,0.000000,0.000000,0.000000,0.000000,0.000000,0.949000,1.000000,1.000000,764.253357

36
--------------
1.489610,-35820.000000,3.000000,-9.332840,22.108450,-370.763794,4.784486,-0.051664,4.784486,-0.051664,-369.999847,-370.000000,22.682455,0.186299,0.042004,80.591705,83.915749,-0.004497,-0.016446,-14.240018,-0.483829,0.078986,0.000000,0.000000,0.200000,0.200000,1.000000,0.000000,0.000000,0.000000,0.000000,0.000000,0.949000,1.000000,1.000000,764.436340

36
--------------
1.491832,-35820.000000,3.000000,-9.332840,22.101810,-370.770416,4.781993,-0.051941,4.781993,-0.051941,-369.999847,-370.000000,22.682821,0.197343,0.039058,80.587341,82.415878,-0.004404,-0.013235,-5.355776,-0.483829,0.078986,0.000000,0.000000,0.200000,0.200000,1.000000,0.000000,0.000000,0.000000,0.000000,0.000000,0.949000,1.000000,1.000000,764.527222

36
--------------
1.494808,-35820.000000,3.000000,-9.332840,22.096937,-370.775299,4.771703,-0.050042,4.771703,-0.050042,-369.999847,-370.000000,22.683178,0.205683,0.046288,80.583900,81.188614,-0.004161,-0.011216,-18.404669,-0.029816,0.190325,0.000000,0.000000,0.200000,0.200000,1.000000,0.000000,0.000000,0.000000,0.000000,0.000000,0.949000,1.000000,1.000000,764.474426

36
--------------
1.498011,-35820.000000,3.000000,-9.332840,22.089890,-370.782349,4.755592,-0.049177,4.755592,-0.049177,-369.999847,-370.000000,22.683687,0.216952,0.043911,80.578926,79.479012,-0.004122,-0.009081,-14.224676,-0.042436,0.294502,0.000000,0.000000,0.200000,0.200000,1.000000,0.000000,0.000000,0.000000,0.000000,0.000000,0.949000,1.000000,1.000000,764.304016

36
--------------
1.501009,-35820.000000,3.000000,-9.332840,22.086958,-370.785278,4.753587,-0.049103,4.753587,-0.049103,-369.999847,-370.000000,22.683889,0.222259,0.040431,80.576454,78.681259,-0.004088,-0.008264,-15.708581,-0.042436,0.289718,0.000000,0.000000,0.200000,0.200000,1.000000,0.000000,0.000000,0.000000,0.000000,0.000000,0.949000,1.000000,1.000000,764.215759

36
--------------
1.502803,-35820.000000,3.000000,-9.332840,22.083609,-370.788635,4.753175,-0.049078,4.753175,-0.049078,-369.999847,-370.000000,22.684080,0.227459,0.039427,80.573959,77.920044,-0.004061,-0.007559,-18.450909,-0.042436,0.284974,0.000000,0.000000,0.200000,0.200000,1.000000,0.000000,0.000000,0.000000,0.000000,0.000000,0.949000,1.000000,1.000000,764.126892

36
--------------
1.504524,-35820.000000,3.000000,-9.332840,22.080578,-370.791656,4.753111,-0.049068,4.753111,-0.049068,-369.999847,-370.000000,22.684254,0.232109,0.041636,80.571671,77.266182,-0.004038,-0.007000,-7.192917,-0.042436,0.284974,0.000000,0.000000,0.200000,0.200000,1.000000,0.000000,0.000000,0.000000,0.000000,0.000000,0.949000,1.000000,1.000000,764.049072

36
--------------
1.505825,-35820.000000,3.000000,-9.332840,22.077379,-370.794861,4.753088,-0.049062,4.753088,-0.049062,-369.999847,-370.000000,22.684435,0.236819,0.041836,80.569305,76.638580,-0.004019,-0.006495,-11.683565,-0.042436,0.284974,0.000000,0.000000,0.200000,0.200000,1.000000,0.000000,0.000000,0.000000,0.000000,0.000000,0.949000,1.000000,1.000000,763.973083

36
--------------
1.506438,-35820.000000,3.000000,-9.332840,22.072496,-370.799744,4.776841,-0.049045,4.776841,-0.049045,-369.999847,-370.000000,22.684507,0.243573,0.017906,80.565689,75.816635,-0.004008,-0.005886,-9.871127,-0.039073,-0.000622,0.000000,0.000000,0.200000,0.200000,1.000000,0.000000,0.000000,0.000000,0.000000,0.000000,0.949000,1.000000,1.000000,763.867676

36
--------------
1.508380,-35820.000000,3.000000,-9.332840,22.064735,-370.807495,4.809321,-0.049034,4.809321,-0.049034,-369.999847,-370.000000,22.684685,0.253819,0.031093,80.559906,74.795517,-0.004048,-0.005153,-8.941455,-0.038245,-0.140840,0.000000,0.000000,0.200000,0.200000,1.000000,0.000000,0.000000,0.000000,0.000000,0.000000,0.949000,1.000000,1.000000,763.718506

36
--------------
1.510603,-35820.000000,3.000000,-9.332840,22.058857,-370.813385,4.809081,-0.049093,4.809081,-0.049093,-369.999847,-370.000000,22.685026,0.261527,0.041435,80.555443,74.248039,-0.004091,-0.004707,-13.406396,-0.052404,-0.095330,0.000000,0.000000,0.200000,0.200000,1.000000,0.000000,0.000000,0.000000,0.000000,0.000000,0.949000,1.000000,1.000000,763.627502

36
--------------
1.512712,-35820.000000,3.000000,-9.332840,22.054974,-370.817261,4.799381,-0.049732,4.799381,-0.049732,-369.999847,-370.000000,22.685341,0.266811,0.053751,80.552361,73.998169,-0.004172,-0.004455,-18.788652,-0.221431,0.005938,0.000000,0.000000,0.200000,0.200000,1.000000,0.000000,0.000000,0.000000,0.000000,0.000000,0.949000,1.000000,1.000000,763.573730

36
--------------
1.514193,-35820.000000,3.000000,-9.332840,22.051437,-370.820801,4.794411,-0.050070,4.794411,-0.050070,-369.999847,-370.000000,22.685589,0.271466,0.044413,80.549599,73.868538,-0.004154,-0.004252,-11.049510,-0.221431,0.005938,0.000000,0.000000,0.200000,0.200000,1.000000,0.000000,0.000000,0.000000,0.000000,0.000000,0.949000,1.000000,1.000000,763.528259

36
--------------
1.515526,-35820.000000,3.000000,-9.332840,22.048151,-370.824066,4.792655,-0.050177,4.792655,-0.050177,-369.999847,-370.000000,22.685797,0.275649,0.042037,80.547058,73.826843,-0.004141,-0.004086,-14.582618,-0.221431,0.005938,0.000000,0.000000,0.200000,0.200000,1.000000,0.000000,0.000000,0.000000,0.000000,0.000000,0.949000,1.000000,1.000000,763.487854

36
--------------
1.516948,-35820.000000,3.000000,-9.332840,22.045382,-370.826843,4.792016,-0.050214,4.792016,-0.050214,-369.999847,-370.000000,22.685970,0.279147,0.043543,80.544891,73.847221,-0.004132,-0.003963,-15.257372,-0.221431,0.005938,0.000000,0.000000,0.200000,0.200000,1.000000,0.000000,0.000000,0.000000,0.000000,0.000000,0.949000,1.000000,1.000000,763.454285

36
--------------
1.516853,-35820.000000,3.000000,-9.332840,22.040695,-370.831543,4.791634,-0.050230,4.791634,-0.050230,-369.999847,-370.000000,22.686234,0.284451,0.040732,80.541519,73.974098,-0.004120,-0.003797,-12.813978,-0.221431,0.005938,0.000000,0.000000,0.200000,0.200000,1.000000,0.000000,0.000000,0.000000,0.000000,0.000000,0.949000,1.000000,1.000000,763.397522

36
--------------
1.518722,-35820.000000,3.000000,-9.332840,22.037821,-370.834412,4.791539,-0.050235,4.791539,-0.050235,-369.999847,-370.000000,22.686413,0.288019,0.043276,80.539200,74.123451,-0.004111,-0.003701,-14.168110,-0.221431,0.005938,0.000000,0.000000,0.200000,0.200000,1.000000,0.000000,0.000000,0.000000,0.000000,0.000000,0.949000,1.000000,1.000000,763.360840

36
--------------
1.519254,-35820.000000,3.000000,-9.332840,22.034191,-370.838043,4.791492,-0.050236,4.791492,-0.050236,-369.999847,-370.000000,22.686623,0.292075,0.043376,80.536491,74.353584,-0.004103,-0.003604,-18.291988,-0.221431,0.005938,0.000000,0.000000,0.200000,0.200000,1.000000,0.000000,0.000000,0.000000,0.000000,0.000000,0.949000,1.000000,1.000000,763.316467

36
--------------
1.520474,-35820.000000,3.000000,-9.332840,22.031206,-370.841034,4.791475,-0.050234,4.791475,-0.050234,-369.999847,-370.000000,22.686804,0.295494,0.040899,80.534164,74.595016,-0.004096,-0.003531,-6.484527,-0.221431,0.005938,0.000000,0.000000,0.200000,0.200000,1.000000,0.000000,0.000000,0.000000,0.000000,0.000000,0.949000,1.000000,1.000000,763.278687

36
--------------
1.521638,-35820.000000,3.000000,-9.332840,22.028618,-370.843597,4.791466,-0.050234,4.791466,-0.050234,-369.999847,-370.000000,22.686962,0.298417,0.043376,80.532127,74.833672,-0.004091,-0.003476,-6.803967,-0.221431,0.005938,0.000000,0.000000,0.200000,0.200000,1.000000,0.000000,0.000000,0.000000,0.000000,0.000000,0.949000,1.000000,1.000000,763.245911

36
--------------
1.522207,-35820.000000,3.000000,-9.332840,22.025841,-370.846375,4.791463,-0.050232,4.791463,-0.050232,-369.999847,-370.000000,22.687126,0.301397,0.043711,80.530014,75.105095,-0.004086,-0.003426,-8.636984,-0.221431,0.005938,0.000000,0.000000,0.200000,0.200000,1.000000,0.000000,0.000000,0.000000,0.000000,0.000000,0.949000,1.000000,1.000000,763.211304

36
--------------
1.522403,-35820.000000,3.000000,-9.332840,22.022606,-370.849609,4.791461,-0.050231,4.791461,-0.050231,-369.999847,-370.000000,22.687315,0.304736,0.043577,80.527596,75.440041,-0.004081,-0.003375,-12.858126,-0.221431,0.005938,0.000000,0.000000,0.200000,0.200000,1.000000,0.000000,0.000000,0.000000,0.000000,0.000000,0.949000,1.000000,1.000000,763.170349

36
--------------
1.523099,-35820.000000,3.000000,-9.332840,22.019558,-370.852661,4.791458,-0.050228,4.791458,-0.050228,-369.999847,-370.000000,22.687496,0.307907,0.041234,80.525253,75.784210,-0.004076,-0.003333,-15.103107,-0.221431,0.005938,0.000000,0.000000,0.200000,0.200000,1.000000,0.000000,0.000000,0.000000,0.000000,0.000000,0.949000,1.000000,1.000000,763.130615

36
--------------
1.523705,-35820.000000,3.000000,-9.332840,22.016500,-370.855713,4.791455,-0.050226,4.791455,-0.050226,-369.999847,-370.000000,22.687679,0.311014,0.043811,80.522911,76.142212,-0.004072,-0.003297,-16.847872,-0.221431,0.005938,0.000000,0.000000,0.200000,0.200000,1.000000,0.000000,0.000000,0.000000,0.000000,0.000000,0.949000,1.000000,1.000000,763.090576

36
--------------
1.523138,-35820.000000,3.000000,-9.332840,22.007492,-370.864746,4.791447,-0.050216,4.791447,-0.050216,-369.999847,-370.000000,22.688187,0.319310,0.044112,80.516388,77.163635,-0.004065,-0.003217,-8.383066,-0.221431,0.005938,0.000000,0.000000,0.200000,0.200000,1.000000,0.000000,0.000000,0.000000,0.000000,0.000000,0.949000,1.000000,1.000000,762.957275

36
--------------
1.525681,-35820.000000,3.000000,-9.332840,22.005613,-370.866608,4.791444,-0.050214,4.791444,-0.050214,-369.999847,-370.000000,22.688335,0.321634,0.041167,80.514488,77.457268,-0.004062,-0.003199,-17.952894,-0.221431,0.005938,0.000000,0.000000,0.200000,0.200000,1.000000,0.000000,0.000000,0.000000,0.000000,0.000000,0.949000,1.000000,1.000000,762.929688

36
--------------
1.527026,-35820.000000,3.000000,-9.332840,22.003576,-370.868652,4.791441,-0.050216,4.791441,-0.050216,-369.999847,-370.000000,22.688465,0.323648,0.041435,80.512810,77.710846,-0.004060,-0.003185,-15.675561,-0.221431,0.005938,0.000000,0.000000,0.200000,0.200000,1.000000,0.000000,0.000000,0.000000,0.000000,0.000000,0.949000,1.000000,1.000000,762.905457

36
--------------
1.526821,-35820.000000,3.000000,-9.332840,22.000828,-370.871399,4.791439,-0.050216,4.791439,-0.050216,-369.999847,-370.000000,22.688625,0.326079,0.043644,80.510757,78.013565,-0.004057,-0.003171,-16.381788,-0.221431,0.005938,0.000000,0.000000,0.200000,0.200000,1.000000,0.000000,0.000000,0.000000,0.000000,0.000000,0.949000,1.000000,1.000000,762.874390

36
--------------
1.526963,-35820.000000,3.000000,-9.332840,21.998043,-370.874176,4.791436,-0.050214,4.791436,-0.050214,-369.999847,-370.000000,22.688791,0.328554,0.043778,80.508629,78.314995,-0.004055,-0.003157,-17.240078,-0.221431,0.005938,0.000000,0.000000,0.200000,0.200000,1.000000,0.000000,0.000000,0.000000,0.000000,0.000000,0.949000,1.000000,1.000000,762.841431

36
--------------
1.527267,-35820.000000,3.000000,-9.332840,21.995285,-370.876953,4.791433,-0.050212,4.791433,-0.050212,-369.999847,-370.000000,22.688959,0.330982,0.044246,80.506493,78.601089,-0.004053,-0.003146,-17.964184,-0.221431,0.005938,0.000000,0.000000,0.200000,0.200000,1.000000,0.000000,0.000000,0.000000,0.000000,0.000000,0.949000,1.000000,1.000000,762.807922

36
--------------
1.527565,-35820.000000,3.000000,-9.332840,21.992531,-370.879700,4.791431,-0.050211,4.791431,-0.050211,-369.999847,-370.000000,22.689125,0.333365,0.044514,80.504356,78.869484,-0.004051,-0.003135,-18.326900,-0.221431,0.005938,0.000000,0.000000,0.200000,0.200000,1.000000,0.000000,0.000000,0.000000,0.000000,0.000000,0.949000,1.000000,1.000000,762.773926

36
--------------
1.527722,-35820.000000,3.000000,-9.332840,21.989660,-370.882568,4.791428,-0.050207,4.791428,-0.050207,-369.999847,-370.000000,22.689299,0.335785,0.041267,80.502144,79.126595,-0.004050,-0.003125,-5.440428,-0.221431,0.005938,0.000000,0.000000,0.200000,0.200000,1.000000,0.000000,0.000000,0.000000,0.000000,0.000000,0.949000,1.000000,1.000000,762.738037

36
--------------
1.527743,-35820.000000,3.000000,-9.332840,21.986574,-370.885651,4.791425,-0.050206,4.791425,-0.050206,-369.999847,-370.000000,22.689484,0.338319,0.044146,80.499779,79.375778,-0.004048,-0.003117,-9.927508,-0.221431,0.005938,0.000000,0.000000,0.200000,0.200000,1.000000,0.000000,0.000000,0.000000,0.000000,0.000000,0.949000,1.000000,1.000000,762.698914

36
--------------
1.528174,-35820.000000,3.000000,-9.332840,21.983759,-370.888458,4.791422,-0.050203,4.791422,-0.050203,-369.999847,-370.000000,22.689655,0.340641,0.041769,80.497559,79.583206,-0.004047,-0.003109,-11.427079,-0.221431,0.005938,0.000000,0.000000,0.200000,0.200000,1.000000,0.000000,0.000000,0.000000,0.000000,0.000000,0.949000,1.000000,1.000000,762.662354

36
--------------
1.528395,-35820.000000,3.000000,-9.332840,21.980913,-370.891327,4.791420,-0.050201,4.791420,-0.050201,-369.999847,-370.000000,22.689829,0.342916,0.044480,80.495346,79.764565,-0.004046,-0.003103,-12.776296,-0.221431,0.005938,0.000000,0.000000,0.200000,0.200000,1.000000,0.000000,0.000000,0.000000,0.000000,0.000000,0.949000,1.000000,1.000000,762.625671

36
--------------
1.528129,-35820.000000,3.000000,-9.332840,21.977600,-370.894623,4.791416,-0.050196,4.791416,-0.050196,-369.999847,-370.000000,22.690027,0.345448,0.041937,80.492828,79.938148,-0.004046,-0.003097,-15.990746,-0.221431,0.005938,0.000000,0.000000,0.200000,0.200000,1.000000,0.000000,0.000000,0.000000,0.000000,0.000000,0.949000,1.000000,1.000000,762.582886

36
--------------
1.528445,-35820.000000,3.000000,-9.332840,21.974588,-370.897644,4.791414,-0.050197,4.791414,-0.050197,-369.999847,-370.000000,22.690212,0.347774,0.044112,80.490456,80.068794,-0.004045,-0.003093,-17.475988,-0.221431,0.005938,0.000000,0.000000,0.200000,0.200000,1.000000,0.000000,0.000000,0.000000,0.000000,0.000000,0.949000,1.000000,1.000000,762.543152

36
--------------
1.529035,-35820.000000,3.000000,-9.332840,21.972015,-370.900208,4.791410,-0.050196,4.791410,-0.050196,-369.999847,-370.000000,22.690374,0.349757,0.041836,80.488388,80.156868,-0.004045,-0.003089,-17.436214,-0.221431,0.005938,0.000000,0.000000,0.200000,0.200000,1.000000,0.000000,0.000000,0.000000,0.000000,0.000000,0.949000,1.000000,1.000000,762.509216

36
--------------
1.529048,-35820.000000,3.000000,-9.332840,21.969255,-370.902985,4.791406,-0.050195,4.791406,-0.050195,-369.999847,-370.000000,22.690542,0.351773,0.041267,80.486244,80.223091,-0.004045,-0.003086,-18.068911,-0.221431,0.005938,0.000000,0.000000,0.200000,0.200000,1.000000,0.000000,0.000000,0.000000,0.000000,0.000000,0.949000,1.000000,1.000000,762.473755

36
--------------
1.529215,-35820.000000,3.000000,-9.332840,21.966627,-370.905609,4.791402,-0.050196,4.791402,-0.050196,-369.999847,-370.000000,22.690704,0.353679,0.044480,80.484177,80.263145,-0.004044,-0.003085,-18.334473,-0.221431,0.005938,0.000000,0.000000,0.200000,0.200000,1.000000,0.000000,0.000000,0.000000,0.000000,0.000000,0.949000,1.000000,1.000000,762.439697

36
--------------
1.529252,-35820.000000,3.000000,-9.332840,21.963982,-370.908234,4.791398,-0.050190,4.791398,-0.050190,-369.999847,-370.000000,22.690866,0.355547,0.042238,80.482109,80.280441,-0.004044,-0.003081,-18.530037,-0.221431,0.005938,0.000000,0.000000,0.200000,0.200000,1.000000,0.000000,0.000000,0.000000,0.000000,0.000000,0.949000,1.000000,1.000000,762.405640

36
--------------
1.528996,-35820.000000,3.000000,-9.332840,21.961100,-370.911133,4.791397,-0.050191,4.791397,-0.050191,-369.999847,-370.000000,22.691040,0.357511,0.044380,80.479889,80.274597,-0.004045,-0.003080,-5.867275,-0.221431,0.005938,0.000000,0.000000,0.200000,0.200000,1.000000,0.000000,0.000000,0.000000,0.000000,0.000000,0.949000,1.000000,1.000000,762.368652

36
--------------
1.528695,-35820.000000,3.000000,-9.332840,21.958021,-370.914215,4.791392,-0.050185,4.791392,-0.050185,-369.999847,-370.000000,22.691227,0.359565,0.042171,80.477516,80.241760,-0.004045,-0.003077,-10.026933,-0.221431,0.005938,0.000000,0.000000,0.200000,0.200000,1.000000,0.000000,0.000000,0.000000,0.000000,0.000000,0.949000,1.000000,1.000000,762.328857

36
--------------
1.528839,-35820.000000,3.000000,-9.332840,21.955215,-370.917023,4.791389,-0.050186,4.791389,-0.050186,-369.999847,-370.000000,22.691401,0.361442,0.044514,80.475296,80.187714,-0.004046,-0.003077,-11.432912,-0.221431,0.005938,0.000000,0.000000,0.200000,0.200000,1.000000,0.000000,0.000000,0.000000,0.000000,0.000000,0.949000,1.000000,1.000000,762.292114

36
--------------
1.528900,-35820.000000,3.000000,-9.332840,21.952496,-370.919739,4.791386,-0.050183,4.791386,-0.050183,-369.999847,-370.000000,22.691568,0.363215,0.044112,80.473152,80.115715,-0.004046,-0.003075,-12.273079,-0.221431,0.005938,0.000000,0.000000,0.200000,0.200000,1.000000,0.000000,0.000000,0.000000,0.000000,0.000000,0.949000,1.000000,1.000000,762.256897

36
--------------
1.529075,-35820.000000,3.000000,-9.332840,21.949993,-370.922241,4.791384,-0.050180,4.791384,-0.050180,-369.999847,-370.000000,22.691725,0.364827,0.044648,80.471161,80.032867,-0.004047,-0.003073,-11.787770,-0.221431,0.005938,0.000000,0.000000,0.200000,0.200000,1.000000,0.000000,0.000000,0.000000,0.000000,0.000000,0.949000,1.000000,1.000000,762.224548

36
--------------
1.528712,-35820.000000,3.000000,-9.332840,21.947216,-370.925018,4.791379,-0.050177,4.791379,-0.050177,-369.999847,-370.000000,22.691895,0.366526,0.044413,80.469009,79.928070,-0.004048,-0.003072,-12.945973,-0.221431,0.005938,0.000000,0.000000,0.200000,0.200000,1.000000,0.000000,0.000000,0.000000,0.000000,0.000000,0.949000,1.000000,1.000000,762.189331

36
--------------
1.527903,-35820.000000,3.000000,-9.332840,21.943890,-370.928345,4.791377,-0.050170,4.791377,-0.050170,-369.999847,-370.000000,22.692093,0.368481,0.041970,80.466492,79.786263,-0.004050,-0.003070,-16.439651,-0.221431,0.005938,0.000000,0.000000,0.200000,0.200000,1.000000,0.000000,0.000000,0.000000,0.000000,0.000000,0.949000,1.000000,1.000000,762.146973

36
--------------
1.527621,-35820.000000,3.000000,-9.332840,21.940659,-370.931580,4.791374,-0.050171,4.791374,-0.050171,-369.999847,-370.000000,22.692291,0.370384,0.044112,80.463966,79.627625,-0.004052,-0.003071,-18.787294,-0.221431,0.005938,0.000000,0.000000,0.200000,0.200000,1.000000,0.000000,0.000000,0.000000,0.000000,0.000000,0.949000,1.000000,1.000000,762.104858

36
--------------
1.527945,-35820.000000,3.000000,-9.332840,21.938009,-370.934235,4.791371,-0.050168,4.791371,-0.050168,-369.999847,-370.000000,22.692459,0.371959,0.044447,80.461815,79.482193,-0.004054,-0.003070,-18.783369,-0.221431,0.005938,0.000000,0.000000,0.200000,0.200000,1.000000,0.000000,0.000000,0.000000,0.000000,0.000000,0.949000,1.000000,1.000000,762.070129

36
--------------
1.526713,-35820.000000,3.000000,-9.332840,21.934242,-370.937988,4.791367,-0.050163,4.791367,-0.050163,-369.999847,-370.000000,22.692682,0.373985,0.041702,80.458984,79.278320,-0.004056,-0.003068,-12.355608,-0.221431,0.005938,0.000000,0.000000,0.200000,0.200000,1.000000,0.000000,0.000000,0.000000,0.000000,0.000000,0.949000,1.000000,1.000000,762.022400

36
--------------
1.526905,-35820.000000,3.000000,-9.332840,21.931305,-370.940918,4.791363,-0.050162,4.791363,-0.050162,-369.999847,-370.000000,22.692869,0.375634,0.044447,80.456619,79.100258,-0.004058,-0.003067,-14.183905,-0.221431,0.005938,0.000000,0.000000,0.200000,0.200000,1.000000,0.000000,0.000000,0.000000,0.000000,0.000000,0.949000,1.000000,1.000000,761.983887

36
--------------
1.526862,-35820.000000,3.000000,-9.332840,21.928514,-370.943726,4.791360,-0.050158,4.791360,-0.050158,-369.999847,-370.000000,22.693043,0.377137,0.042104,80.454399,78.930176,-0.004060,-0.003066,-15.127884,-0.221431,0.005938,0.000000,0.000000,0.200000,0.200000,1.000000,0.000000,0.000000,0.000000,0.000000,0.000000,0.949000,1.000000,1.000000,761.948242

36
--------------
1.526815,-35820.000000,3.000000,-8.000000,21.925920,-370.946320,4.791357,-0.050157,4.791357,-0.050157,-369.999847,-370.000000,22.693205,0.378502,0.044246,80.452332,78.770630,-0.004063,-0.003065,-15.206707,0.000000,0.000000,0.000000,0.000000,0.200000,1.000000,1.000000,0.000000,0.000000,0.000000,0.000000,0.000000,0.949000,1.000000,1.000000,761.915405

36
--------------
1.524670,-35820.000000,3.000000,-8.000000,21.921457,-370.950775,4.791813,-0.049303,4.791813,-0.049303,-369.999847,-370.000000,22.693460,0.380610,0.041769,81.781853,78.518219,-0.003963,-0.003048,-11.568243,0.000000,0.000000,0.000000,0.000000,1.000000,1.000000,1.000000,0.000000,0.000000,0.000000,0.000000,0.000000,0.949000,1.000000,1.000000,761.859192

36
--------------
1.622083,-35820.000000,3.000000,-8.000000,21.912853,-370.959381,4.795680,-0.053674,4.795680,-0.053674,-369.999847,-370.000000,22.694061,0.386065,0.067608,81.772095,78.045631,-0.001838,-0.003756,-14.748896,0.000000,0.000000,0.000000,0.000000,1.000000,1.000000,1.000000,0.000000,0.000000,0.000000,0.000000,0.000000,0.949000,1.000000,1.000000,1047.484131

36
--------------
2.166552,-35820.000000,3.000000,-8.000000,21.905203,-370.967041,4.817958,-0.076716,4.817958,-0.076716,-369.999847,-370.000000,22.695068,0.407788,0.128756,81.734489,77.656822,0.011282,-0.008962,-13.929646,0.000000,0.000000,0.000000,0.000000,1.000000,1.000000,1.000000,0.000000,0.000000,0.000000,0.000000,0.000000,0.949000,1.000000,1.000000,1494.011230

36
--------------
3.502173,-35820.000000,3.000000,-8.000000,21.896181,-370.976044,4.862321,-0.115019,4.862321,-0.115019,-369.999847,-370.000000,22.697512,0.497335,0.259084,81.553383,77.283768,0.027497,-0.033453,-18.565351,0.000000,0.000000,0.000000,0.000000,1.000000,1.000000,1.000000,0.000000,0.000000,0.000000,0.000000,0.000000,0.949000,1.000000,1.000000,1881.148315

36
--------------
5.281746,-35820.000000,3.000000,-8.000000,21.888533,-370.983704,4.895984,-0.142872,4.895984,-0.142872,-369.999847,-370.000000,22.702021,0.691274,0.453004,81.103508,77.008514,0.002518,-0.087940,-17.401207,0.000000,0.000000,0.000000,0.000000,1.000000,1.000000,1.000000,0.000000,0.000000,0.000000,0.000000,0.000000,0.949000,1.000000,1.000000,2069.686035

36
--------------
7.513191,-35820.000000,3.000000,-8.000000,21.881294,-370.990936,4.911646,-0.157273,4.911646,-0.157273,-369.999847,-370.000000,22.710255,1.054846,0.712088,80.228615,76.756493,-0.026297,-0.179456,-15.115346,0.000000,0.000000,1.000000,0.000000,1.000000,1.000000,1.000000,0.000000,0.000000,0.000000,0.000000,0.000000,0.949000,1.000000,1.000000,2153.228760

36
--------------
8.839533,-35820.000000,3.000000,-8.000000,21.878992,-370.993225,4.835884,-0.331059,4.835884,-0.331059,-369.999847,-370.000000,22.717073,1.337866,0.747800,83.398941,76.617981,0.249863,0.254586,12.295850,0.000000,0.000000,0.000000,0.000000,1.000000,1.000000,1.000000,0.000000,0.000000,0.000000,0.000000,0.000000,0.949000,1.000000,1.000000,2172.182617

36
--------------
10.844764,-35820.000000,3.000000,-8.000000,21.893473,-370.978760,4.954875,-0.334329,4.954875,-0.334329,-369.999847,-370.000000,22.725374,1.768233,0.917856,88.394974,76.692215,0.338131,0.736528,17.658260,0.000000,0.000000,0.000000,0.000000,1.000000,1.000000,1.000000,0.000000,0.000000,0.000000,0.000000,0.000000,0.949000,1.000000,1.000000,2180.108154

36
--------------
13.653784,-35820.000000,3.000000,-8.000000,21.887947,-370.984283,4.934707,-0.198640,4.934707,-0.198640,-369.999847,-370.000000,22.742821,2.614348,1.173192,88.980721,77.887863,0.160867,0.495889,-9.310059,0.000000,0.000000,0.000000,0.000000,1.000000,1.000000,1.000000,0.000000,0.000000,0.000000,0.000000,0.000000,0.949000,1.000000,1.000000,2176.977539

36
--------------
14.464366,-35820.000000,3.000000,-8.000000,21.899652,-370.972565,4.926852,-0.172923,4.926852,-0.172923,-369.999847,-370.000000,22.748898,2.905062,1.256563,88.614632,78.470284,0.087204,0.369252,7.182459,0.000000,0.000000,0.000000,0.000000,1.000000,1.000000,1.000000,0.000000,0.000000,0.000000,0.000000,0.000000,0.949000,1.000000,1.000000,2176.586670

36
--------------
15.379158,-35820.000000,3.000000,-8.000000,21.900686,-370.971558,4.918824,-0.151600,4.918824,-0.151600,-369.999847,-370.000000,22.756348,3.255530,1.358510,88.071030,79.215752,0.010616,0.227228,13.793885,0.000000,0.000000,0.000000,0.000000,1.000000,1.000000,1.000000,0.000000,0.000000,0.000000,0.000000,0.000000,0.949000,1.000000,1.000000,2177.450439

36
--------------
16.440512,-35820.000000,3.000000,-8.000000,21.901505,-370.970734,4.910275,-0.133992,4.910275,-0.133992,-369.999847,-370.000000,22.765825,3.691015,1.483751,87.323883,80.154785,-0.071326,0.072500,-6.598016,0.000000,0.000000,0.000000,0.000000,1.000000,1.000000,1.000000,0.000000,0.000000,0.000000,0.000000,0.000000,0.949000,1.000000,1.000000,2179.370361

36
--------------
17.494539,-35820.000000,3.000000,-8.000000,21.904114,-370.968109,4.902162,-0.121466,4.902162,-0.121466,-369.999847,-370.000000,22.776157,4.152515,1.614616,86.500481,81.111130,-0.142197,-0.065491,17.513306,0.000000,0.000000,0.000000,0.000000,1.000000,1.000000,1.000000,0.000000,0.000000,0.000000,0.000000,0.000000,0.949000,1.000000,1.000000,2181.738281

36
--------------
18.564512,-35820.000000,3.000000,-8.000000,21.907366,-370.964874,4.894001,-0.112063,4.894001,-0.112063,-369.999847,-370.000000,22.787622,4.649273,1.752910,85.610756,82.047813,-0.207762,-0.187859,7.561892,0.000000,0.000000,1.000000,0.000000,1.000000,1.000000,1.000000,0.000000,0.000000,0.000000,0.000000,0.000000,0.949000,1.000000,1.000000,2184.334717

36
--------------
19.456194,-35820.000000,3.000000,-8.000000,21.909542,-370.962677,4.802805,-0.353227,4.802805,-0.353227,-369.999847,-370.000000,22.798733,5.113236,1.726302,87.011681,82.816132,0.121017,0.063628,18.689352,0.000000,0.000000,0.000000,0.000000,1.000000,1.000000,1.000000,0.000000,0.000000,0.000000,0.000000,0.000000,0.949000,1.000000,1.000000,2186.656494

36
--------------
20.637693,-35820.000000,3.000000,-8.000000,21.941856,-370.930359,4.898242,-0.463412,4.898242,-0.463412,-369.999847,-370.000000,22.809187,5.615468,1.685101,90.673714,83.571793,0.387733,0.488806,15.496415,0.000000,0.000000,0.000000,0.000000,1.000000,1.000000,1.000000,0.000000,0.000000,0.000000,0.000000,0.000000,0.949000,1.000000,1.000000,2189.220947

36
--------------
21.677979,-35820.000000,3.000000,-8.000000,21.949709,-370.922516,4.927022,-0.553314,4.927022,-0.553314,-369.999847,-370.000000,22.819551,6.103039,1.771183,92.779396,84.298645,0.654995,0.719286,14.792252,0.000000,0.000000,0.000000,0.000000,1.000000,1.000000,1.000000,0.000000,0.000000,0.000000,0.000000,0.000000,0.949000,1.000000,1.000000,2191.721680

36
--------------
22.592091,-35820.000000,3.000000,-8.000000,21.953671,-370.918549,4.922435,-0.510691,4.922435,-0.510691,-369.999847,-370.000000,22.829206,6.559883,1.787248,93.907364,85.004684,0.718030,0.780466,6.948629,0.000000,0.000000,0.000000,0.000000,1.000000,1.000000,1.000000,0.000000,0.000000,0.000000,0.000000,0.000000,0.949000,1.000000,1.000000,2193.997070

36
--------------
23.509195,-35820.000000,3.000000,-8.000000,21.956585,-370.915649,4.910177,-0.426136,4.910177,-0.426136,-369.999847,-370.000000,22.839218,7.042506,1.818676,94.521507,85.782013,0.664923,0.752707,9.522112,0.000000,0.000000,0.000000,0.000000,1.000000,1.000000,1.000000,0.000000,0.000000,0.000000,0.000000,0.000000,0.949000,1.000000,1.000000,2196.307861

36
--------------
24.387650,-35820.000000,3.000000,-8.000000,21.960011,-370.912231,4.897025,-0.344639,4.897025,-0.344639,-369.999847,-370.000000,22.849184,7.526330,1.862688,94.743835,86.585289,0.563791,0.672881,14.358150,0.000000,0.000000,0.000000,0.000000,1.000000,1.000000,1.000000,0.000000,0.000000,0.000000,0.000000,0.000000,0.949000,1.000000,1.000000,2198.529297

36
--------------
25.121178,-35820.000000,3.000000,-8.000000,21.964254,-370.907990,4.885363,-0.286156,4.885363,-0.286156,-369.999847,-370.000000,22.857748,7.945594,1.876008,94.721985,87.289185,0.440246,0.582540,8.635499,0.000000,0.000000,0.000000,0.000000,1.000000,1.000000,1.000000,0.000000,0.000000,0.000000,0.000000,0.000000,0.949000,1.000000,1.000000,2200.385010

36
--------------
25.781683,-35820.000000,3.000000,-8.000000,21.967772,-370.904449,4.875974,-0.242125,4.875974,-0.242125,-369.999847,-370.000000,22.865631,8.334335,1.914096,94.578133,87.937813,0.339468,0.491278,14.208683,0.000000,0.000000,1.000000,0.000000,1.000000,1.000000,1.000000,0.000000,0.000000,0.000000,0.000000,0.000000,0.949000,1.000000,1.000000,2202.053467

36
--------------
26.416246,-35820.000000,3.000000,-8.000000,21.967987,-370.904236,4.805360,-0.401534,4.805360,-0.401534,-369.999847,-370.000000,22.874434,8.755124,1.927684,95.431458,88.628609,0.495913,0.582314,15.196865,0.000000,0.000000,0.000000,0.000000,1.000000,1.000000,1.000000,0.000000,0.000000,0.000000,0.000000,0.000000,0.949000,1.000000,1.000000,2203.778076

36
--------------
27.220945,-35820.000000,3.000000,-8.000000,21.993814,-370.878418,4.852100,-0.418324,4.852100,-0.418324,-369.999847,-370.000000,22.882769,9.195448,1.822725,97.721001,89.344894,0.543066,0.827224,19.492294,0.000000,0.000000,0.000000,0.000000,1.000000,1.000000,1.000000,0.000000,0.000000,0.000000,0.000000,0.000000,0.949000,1.000000,1.000000,2205.575928

36
--------------
29.367472,-35820.000000,3.000000,-8.000000,21.998577,-370.873657,4.884392,-0.549913,4.884392,-0.549913,-369.999847,-370.000000,22.906691,10.477658,1.843710,101.235268,91.528740,0.920902,1.018614,-6.383155,0.000000,0.000000,0.000000,0.000000,1.000000,1.000000,1.000000,0.000000,0.000000,0.000000,0.000000,0.000000,0.949000,1.000000,1.000000,2210.796143

36
--------------
29.993704,-35820.000000,3.000000,-8.000000,22.014668,-370.857574,4.874883,-0.498443,4.874883,-0.498443,-369.999847,-370.000000,22.913857,10.875139,1.843141,101.676590,92.247452,0.889731,0.974550,17.948952,0.000000,0.000000,0.000000,0.000000,1.000000,1.000000,1.000000,0.000000,0.000000,0.000000,0.000000,0.000000,0.949000,1.000000,1.000000,2212.380127

36
--------------
30.526327,-35820.000000,3.000000,-8.000000,22.018011,-370.854218,4.865629,-0.444790,4.865629,-0.444790,-369.999847,-370.000000,22.919996,11.219921,1.806659,101.901482,92.882919,0.827503,0.916993,8.389527,0.000000,0.000000,0.000000,0.000000,1.000000,1.000000,1.000000,0.000000,0.000000,0.000000,0.000000,0.000000,0.949000,1.000000,1.000000,2213.730469

36
--------------
31.032253,-35820.000000,3.000000,-8.000000,22.019753,-370.852478,4.854959,-0.393026,4.854959,-0.393026,-369.999847,-370.000000,22.925743,11.553796,1.763919,102.008972,93.505051,0.758661,0.850065,17.433479,0.000000,0.000000,1.000000,0.000000,1.000000,1.000000,1.000000,0.000000,0.000000,0.000000,0.000000,0.000000,0.949000,1.000000,1.000000,2215.017334

36
--------------
32.048016,-35820.000000,3.000000,-8.000000,22.027191,-370.845032,4.774167,-0.606675,4.774167,-0.606675,-369.999847,-370.000000,22.937788,12.287219,1.580140,104.803780,94.888725,0.998926,1.040889,14.534369,0.000000,0.000000,1.000000,0.000000,1.000000,1.000000,1.000000,0.000000,0.000000,0.000000,0.000000,0.000000,0.949000,1.000000,1.000000,2217.715088

36
--------------
32.487419,-35820.000000,3.000000,-8.000000,22.047462,-370.824768,4.783268,-0.756635,4.783268,-0.756635,-369.999847,-370.000000,22.942154,12.597383,1.422500,107.630402,95.491608,1.253085,1.163380,19.327805,0.000000,0.000000,0.000000,0.000000,1.000000,1.000000,1.000000,0.000000,0.000000,0.000000,0.000000,0.000000,0.949000,1.000000,1.000000,2218.834717

36
--------------
32.879513,-35820.000000,3.000000,-8.000000,22.055117,-370.817108,4.831561,-0.842888,4.831561,-0.842888,-369.999847,-370.000000,22.945475,12.864391,1.280123,110.371292,96.030647,1.501545,1.260153,17.974180,0.000000,0.000000,0.000000,0.000000,1.000000,1.000000,1.000000,0.000000,0.000000,0.000000,0.000000,0.000000,0.949000,1.000000,1.000000,2219.793457

36
--------------
33.305805,-35820.000000,3.000000,-8.000000,22.053635,-370.818604,4.888191,-0.968577,4.888191,-0.968577,-369.999847,-370.000000,22.949110,13.177402,1.217167,113.146721,96.697441,1.826100,1.364237,-14.811185,0.000000,0.000000,0.000000,0.000000,1.000000,1.000000,1.000000,0.000000,0.000000,0.000000,0.000000,0.000000,0.949000,1.000000,1.000000,2220.906982

36
--------------
33.681446,-35820.000000,3.000000,-8.000000,22.051460,-370.820770,4.916553,-1.072981,4.916553,-1.072981,-369.999847,-370.000000,22.952229,13.461636,1.147752,115.245728,97.344444,2.132774,1.450858,-12.904593,0.000000,0.000000,0.000000,0.000000,1.000000,1.000000,1.000000,0.000000,0.000000,0.000000,0.000000,0.000000,0.949000,1.000000,1.000000,2221.901367

36
--------------
34.101368,-35820.000000,3.000000,-8.000000,22.051159,-370.821075,4.929021,-1.141362,4.929021,-1.141362,-369.999847,-370.000000,22.955414,13.776834,1.030174,117.153976,98.114807,2.380354,1.538932,-14.389834,0.000000,0.000000,0.000000,0.000000,1.000000,1.000000,1.000000,0.000000,0.000000,0.000000,0.000000,0.000000,0.949000,1.000000,1.000000,2222.988770

36
--------------
34.531769,-35820.000000,3.000000,-8.000000,22.053579,-370.818665,4.926971,-1.153444,4.926971,-1.153444,-369.999847,-370.000000,22.958252,14.093258,0.926554,118.673401,98.947662,2.549890,1.619612,10.848877,0.000000,0.000000,0.000000,0.000000,1.000000,1.000000,1.000000,0.000000,0.000000,0.000000,0.000000,0.000000,0.949000,1.000000,1.000000,2224.072021

36
--------------
34.965847,-35820.000000,3.000000,-8.000000,22.056971,-370.815247,4.911478,-1.114131,4.911478,-1.114131,-369.999847,-370.000000,22.960485,14.411132,0.493363,119.854080,99.845016,2.631530,1.668559,15.015517,0.000000,0.000000,1.000000,0.000000,1.000000,1.000000,1.000000,0.000000,0.000000,0.000000,0.000000,0.000000,0.949000,1.000000,1.000000,2225.158203

36
--------------
35.255589,-35820.000000,3.000000,-8.000000,22.059204,-370.813019,4.825859,-1.059795,4.825859,-1.059795,-369.999847,-370.000000,22.962940,14.714289,2.819130,120.916908,100.759743,2.626199,1.710145,13.267301,0.000000,0.000000,1.000000,0.000000,1.000000,1.000000,1.000000,0.000000,0.000000,0.000000,0.000000,0.000000,0.949000,1.000000,1.000000,2226.159668

36
--------------
35.490891,-35820.000000,3.000000,-8.000000,22.056480,-370.815735,4.654356,-1.016645,4.654356,-1.016645,-369.999847,-370.000000,22.963417,15.075651,0.805462,122.906105,101.935089,2.589654,1.785459,-13.759929,0.000000,0.000000,0.000000,0.000000,1.000000,1.000000,1.000000,0.000000,0.000000,0.000000,0.000000,0.000000,0.949000,1.000000,1.000000,2227.219727

36
--------------
35.681675,-35820.000000,3.000000,-8.000000,22.047195,-370.825043,4.617212,-0.945306,4.617212,-0.945306,-369.999847,-370.000000,22.963499,15.344960,-2.716959,124.724083,102.873734,2.559657,1.837193,-18.684792,0.000000,0.000000,0.000000,0.000000,1.000000,1.000000,1.000000,0.000000,0.000000,0.000000,0.000000,0.000000,0.949000,1.000000,1.000000,2227.930420

36
--------------
35.933605,-35820.000000,3.000000,-8.000000,22.033220,-370.839020,4.593785,-0.893831,4.593785,-0.893831,-369.999847,-370.000000,22.961329,15.702312,1.249128,126.743843,104.205048,2.569613,1.900392,-9.003825,0.000000,0.000000,0.000000,0.000000,1.000000,1.000000,1.000000,0.000000,0.000000,0.000000,0.000000,0.000000,0.949000,1.000000,1.000000,2228.802246

36
--------------
36.405163,-35820.000000,3.000000,-8.000000,22.024349,-370.847870,4.579612,-0.869880,4.579612,-0.869880,-369.999847,-370.000000,22.958117,16.322571,2.360101,129.126114,106.755249,2.580618,1.939682,13.169200,0.000000,0.000000,0.000000,0.000000,1.000000,1.000000,1.000000,0.000000,0.000000,0.000000,0.000000,0.000000,0.949000,1.000000,1.000000,2230.191162

36
--------------
36.804943,-35820.000000,3.000000,-8.000000,22.028368,-370.843872,4.572242,-0.742657,4.572242,-0.742657,-369.999847,-370.000000,22.956554,16.791393,2.672668,130.091766,108.873512,2.503219,1.844509,18.903063,0.000000,0.000000,0.000000,0.000000,1.000000,1.000000,1.000000,0.000000,0.000000,0.000000,0.000000,0.000000,0.949000,1.000000,1.000000,2231.210693

36
--------------
37.173450,-35820.000000,3.000000,-8.000000,22.033329,-370.838898,4.593835,-0.661129,4.593835,-0.661129,-369.999847,-370.000000,22.953243,17.199781,-5.640218,130.467148,110.832817,2.345945,1.697582,18.149757,0.000000,0.000000,0.000000,0.000000,1.000000,1.000000,1.000000,0.000000,0.000000,0.000000,0.000000,0.000000,0.949000,1.000000,1.000000,2232.104980

36
--------------
37.444679,-35820.000000,3.000000,-8.000000,22.033514,-370.838715,4.595419,-0.589307,4.595419,-0.589307,-369.999847,-370.000000,22.950956,17.490797,-4.689963,130.518005,112.281425,2.190506,1.568997,18.820322,0.000000,0.000000,1.000000,0.000000,1.000000,1.000000,1.000000,0.000000,0.000000,0.000000,0.000000,0.000000,0.949000,1.000000,1.000000,2232.753174

36
--------------
37.762646,-35820.000000,3.000000,-8.000000,22.031210,-370.841003,4.519896,-0.603619,4.519896,-0.603619,-369.999847,-370.000000,22.949089,17.896666,-1.304230,130.986832,114.360352,2.030439,1.484845,6.715098,0.000000,0.000000,1.000000,0.000000,1.000000,1.000000,1.000000,0.000000,0.000000,0.000000,0.000000,0.000000,0.949000,1.000000,1.000000,2233.645752

36
--------------
37.987247,-35820.000000,3.000000,-8.000000,22.026350,-370.845886,4.478291,-0.621009,4.478291,-0.621009,-369.999847,-370.000000,22.947260,18.199369,-2.246352,132.343964,115.948456,1.945694,1.561447,-16.216263,0.000000,0.000000,0.000000,0.000000,1.000000,1.000000,1.000000,0.000000,0.000000,0.000000,0.000000,0.000000,0.949000,1.000000,1.000000,2234.289795

36
--------------
38.308735,-35820.000000,3.000000,-8.000000,22.008522,-370.863708,4.532087,-0.563338,4.532087,-0.563338,-369.999847,-370.000000,22.943554,18.601477,-0.474364,134.692200,118.100037,1.867971,1.665002,-13.827596,0.000000,0.000000,0.000000,0.000000,1.000000,1.000000,1.000000,0.000000,0.000000,0.000000,0.000000,0.000000,0.949000,1.000000,1.000000,2235.129639

36
--------------
38.611736,-35820.000000,3.000000,-8.000000,21.989138,-370.883087,4.594000,-0.565822,4.594000,-0.565822,-369.999847,-370.000000,22.938013,18.988020,-1.661446,136.403763,120.210701,1.886291,1.741150,-15.798503,0.000000,0.000000,0.000000,0.000000,1.000000,1.000000,1.000000,0.000000,0.000000,0.000000,0.000000,0.000000,0.949000,1.000000,1.000000,2235.929932

36
--------------
38.895836,-35820.000000,3.000000,-8.000000,21.978251,-370.893982,4.616052,-0.568248,4.616052,-0.568248,-369.999847,-370.000000,22.933065,19.330433,-4.839604,137.463684,122.111855,1.909169,1.738019,-16.872053,0.000000,0.000000,0.000000,0.000000,1.000000,1.000000,1.000000,0.000000,0.000000,0.000000,0.000000,0.000000,0.949000,1.000000,1.000000,2236.639404

36
--------------
39.280327,-35820.000000,3.000000,-8.000000,21.976171,-370.896057,4.539259,-0.507963,4.539259,-0.507963,-369.999847,-370.000000,22.929024,19.757025,0.547179,138.235626,124.509331,1.893102,1.649958,11.486757,0.000000,0.000000,0.000000,0.000000,1.000000,1.000000,1.000000,0.000000,0.000000,0.000000,0.000000,0.000000,0.949000,1.000000,1.000000,2237.542725

36
--------------
39.601830,-35820.000000,3.000000,-8.000000,21.978292,-370.893951,4.555763,-0.518467,4.555763,-0.518467,-369.999847,-370.000000,22.922857,20.097469,0.905666,138.496964,126.431389,1.819335,1.530131,7.986720,0.000000,0.000000,0.000000,0.000000,1.000000,1.000000,1.000000,0.000000,0.000000,0.000000,0.000000,0.000000,0.949000,1.000000,1.000000,2238.288574

36
--------------
39.976704,-35820.000000,3.000000,-8.000000,21.978558,-370.893677,4.515512,-0.451033,4.515512,-0.451033,-369.999847,-370.000000,22.918531,20.479946,-3.728565,138.472183,128.581055,1.665506,1.361180,9.970743,0.000000,0.000000,1.000000,0.000000,1.000000,1.000000,1.000000,0.000000,0.000000,0.000000,0.000000,0.000000,0.949000,1.000000,1.000000,2239.154053

36
--------------
40.335503,-35820.000000,3.000000,-8.000000,21.976103,-370.896118,4.478744,-0.520982,4.478744,-0.520982,-369.999847,-370.000000,22.912130,20.917706,-1.994498,138.978836,131.007782,1.576886,1.292279,-15.162237,0.000000,0.000000,0.000000,0.000000,1.000000,1.000000,1.000000,0.000000,0.000000,0.000000,0.000000,0.000000,0.949000,1.000000,1.000000,2240.144775

36
--------------
40.665623,-35820.000000,3.000000,-8.000000,21.961845,-370.910370,4.525987,-0.465944,4.525987,-0.465944,-369.999847,-370.000000,22.906918,21.283726,5.561517,140.313583,132.994400,1.455063,1.370328,-17.856785,0.000000,0.000000,0.000000,0.000000,1.000000,1.000000,1.000000,0.000000,0.000000,0.000000,0.000000,0.000000,0.949000,1.000000,1.000000,2240.964844

36
--------------
41.129562,-35820.000000,3.000000,-8.000000,21.945072,-370.927155,4.565049,-0.438542,4.565049,-0.438542,-369.999847,-370.000000,22.899633,21.790100,-3.862877,141.542145,135.661331,1.389235,1.362738,-18.690247,0.000000,0.000000,0.000000,0.000000,1.000000,1.000000,1.000000,0.000000,0.000000,0.000000,0.000000,0.000000,0.949000,1.000000,1.000000,2242.115234

36
--------------
41.644287,-35820.000000,3.000000,-8.000000,21.937189,-370.935028,4.578410,-0.395582,4.578410,-0.395582,-369.999847,-370.000000,22.891207,22.324024,3.447107,142.073013,138.350388,1.321069,1.239382,7.545739,0.000000,0.000000,0.000000,0.000000,1.000000,1.000000,1.000000,0.000000,0.000000,0.000000,0.000000,0.000000,0.949000,1.000000,1.000000,2243.940430

36
--------------
42.126202,-35820.000000,3.000000,-8.000000,21.932915,-370.939301,4.546362,-0.277418,4.546362,-0.277418,-369.999847,-370.000000,22.881655,22.801600,2.473859,142.007126,140.620544,1.183953,1.063431,13.393147,0.000000,0.000000,0.000000,0.000000,1.000000,1.000000,1.000000,0.000000,0.000000,0.000000,0.000000,0.000000,0.949000,1.000000,1.000000,2246.268311

36
--------------
42.444454,-35820.000000,3.000000,-8.000000,21.926386,-370.945831,4.525497,-0.224277,4.525497,-0.224277,-369.999847,-370.000000,22.873871,23.110756,-3.024376,141.755142,142.007828,1.070660,0.929155,-18.583649,0.000000,0.000000,0.000000,0.000000,1.000000,1.000000,1.000000,0.000000,0.000000,0.000000,0.000000,0.000000,0.949000,1.000000,1.000000,2248.012939

36
--------------
42.705990,-35820.000000,3.000000,-8.000000,21.919403,-370.952820,4.511078,-0.181353,4.511078,-0.181353,-369.999847,-370.000000,22.868868,23.363850,0.764994,141.452698,143.088547,0.933320,0.812860,-13.455565,0.000000,0.000000,0.000000,0.000000,1.000000,1.000000,1.000000,0.000000,0.000000,0.000000,0.000000,0.000000,0.949000,1.000000,1.000000,2249.541016

36
--------------
43.181156,-35820.000000,3.000000,-8.000000,21.909367,-370.962860,4.486934,-0.131087,4.486934,-0.131087,-369.999847,-370.000000,22.859781,23.828329,-6.014137,140.727356,144.927414,0.685546,0.594234,-10.046914,0.000000,0.000000,1.000000,0.000000,1.000000,1.000000,1.000000,0.000000,0.000000,0.000000,0.000000,0.000000,0.949000,1.000000,1.000000,2252.502930

36
--------------
43.441616,-35820.000000,3.000000,-8.000000,21.897696,-370.974548,4.459365,-0.212446,4.459365,-0.212446,-369.999847,-370.000000,22.853840,24.123768,-3.127562,140.566177,145.991180,0.627772,0.530415,-16.103548,0.000000,0.000000,0.000000,0.000000,1.000000,1.000000,1.000000,0.000000,0.000000,0.000000,0.000000,0.000000,0.949000,1.000000,1.000000,2254.418213

36
--------------
43.816914,-35820.000000,3.000000,-8.000000,21.890825,-370.981415,4.486382,-0.160868,4.486382,-0.160868,-369.999847,-370.000000,22.848829,24.489231,0.565518,141.253952,147.186234,0.475922,0.586975,-11.598939,0.000000,0.000000,0.000000,0.000000,1.000000,1.000000,1.000000,0.000000,0.000000,0.000000,0.000000,0.000000,0.949000,1.000000,1.000000,2256.812012

36
--------------
44.298302,-35820.000000,3.000000,-8.000000,21.882137,-370.990082,4.518768,-0.106120,4.518768,-0.106120,-369.999847,-370.000000,22.839001,24.953844,-2.535627,141.815857,148.509628,0.402629,0.596063,-15.180086,0.000000,0.000000,0.000000,0.000000,1.000000,1.000000,1.000000,0.000000,0.000000,0.000000,0.000000,0.000000,0.949000,1.000000,1.000000,2259.960938

36
--------------
44.725140,-35820.000000,3.000000,-8.000000,21.869932,-371.002289,4.516800,-0.067493,4.516800,-0.067493,-369.999847,-370.000000,22.830660,25.362848,-6.587998,141.978256,149.493927,0.370158,0.551165,-9.773771,0.000000,0.000000,0.000000,0.000000,1.000000,1.000000,1.000000,0.000000,0.000000,0.000000,0.000000,0.000000,0.949000,1.000000,1.000000,2262.800049

36
--------------
45.233143,-35820.000000,3.000000,-8.000000,21.858776,-371.013458,4.503004,-0.064720,4.503004,-0.064720,-369.999847,-370.000000,22.819471,25.843292,-2.987427,141.823853,150.433105,0.315305,0.450843,-12.862511,0.000000,0.000000,0.000000,0.000000,1.000000,1.000000,1.000000,0.000000,0.000000,0.000000,0.000000,0.000000,0.949000,1.000000,1.000000,2266.199707

36
--------------
45.620358,-35820.000000,3.000000,-8.000000,21.846331,-371.025909,4.743504,-0.211838,4.743504,-0.211838,-369.999847,-370.000000,22.809172,26.225538,1.923125,141.578033,151.011429,0.246419,0.360809,-18.770903,0.000000,0.000000,0.000000,0.000000,1.000000,1.000000,1.000000,0.000000,0.000000,0.000000,0.000000,0.000000,0.949000,1.000000,1.000000,2268.925781

36
--------------
46.041595,-35820.000000,3.000000,-8.000000,21.832342,-371.039886,5.958487,-0.397727,5.958487,-0.397727,-369.999847,-370.000000,22.810850,26.707571,6.616026,141.381989,151.527847,0.176613,0.279473,-8.020897,0.000000,0.000000,0.000000,0.000000,1.000000,1.000000,1.000000,0.000000,0.000000,0.000000,0.000000,0.000000,0.949000,1.000000,1.000000,2272.261475

36
--------------
46.224003,-35820.000000,3.000000,-8.000000,21.831310,-371.040924,7.464325,-0.452696,7.464325,-0.452696,-369.999847,-370.000000,22.833107,26.991636,9.177617,141.295959,151.724625,0.141069,0.242180,-14.236865,0.000000,0.000000,1.000000,0.000000,1.000000,1.000000,1.000000,0.000000,0.000000,0.000000,0.000000,0.000000,0.949000,1.000000,1.000000,2274.071289

36
--------------
46.436337,-35820.000000,3.000000,-8.000000,21.847303,-371.024933,8.594929,-0.353196,8.594929,-0.353196,-369.999847,-370.000000,22.857153,27.290766,1.163209,141.386887,151.851364,0.085916,0.246972,10.308922,0.000000,0.000000,0.000000,0.000000,1.000000,1.000000,1.000000,0.000000,0.000000,0.000000,0.000000,0.000000,0.949000,1.000000,1.000000,2275.807861

36
--------------
47.047352,-35820.000000,3.000000,-8.000000,21.867615,-371.004608,7.495624,-0.156199,7.495624,-0.156199,-369.999847,-370.000000,22.845491,27.720266,-9.822184,142.121338,151.900970,0.071735,0.336681,14.672278,0.000000,0.000000,0.000000,0.000000,1.000000,1.000000,1.000000,0.000000,0.000000,0.000000,0.000000,0.000000,0.949000,1.000000,1.000000,2278.619629

36
